96|1052.55|1047.32|-114.0708067873,51.0481401937;-114.0707396119,51.0481382566;-114.0707136314,51.0484969625;-114.0707806647,51.0484988997;-114.0708067873,51.0481401937
104|1057.23|1044.52|-114.0667927845,51.0502839994;-114.0667064945,51.050281981;-114.066692002,51.0505189585;-114.0666616484,51.0505365957;-114.0666789071,51.0505373949;-114.0667183094,51.0505638921;-114.0667210385,51.0505772852;-114.0667771803,51.0505410246;-114.0667927845,51.0502839994
105|1055.97|1047.48|-114.0693752172,51.0493926021;-114.0693090384,51.0493906637;-114.0692850012,51.0497214999;-114.0693511806,51.0497234384;-114.0693752172,51.0493926021
106|1056.78|1047.37|-114.0709027374,51.0494276444;-114.0708294274,51.0494257111;-114.070808599,51.0497025174;-114.0708829078,51.0497044501;-114.0709027374,51.0494276444
107|1061.02|1048.16|-114.0680920039,51.0461446482;-114.0680395207,51.0461429707;-114.0680402218,51.0461347897;-114.0677492828,51.0461256094;-114.0677488635,51.0461314529;-114.0677150632,51.0461303937;-114.0677118427,51.046171209;-114.067745643,51.0461722682;-114.067745222,51.0461769431;-114.0680886445,51.0461878009;-114.0680920039,51.0461446482
108|1058.99|1046.41|-114.0682342312,51.0471456618;-114.0681763242,51.0471416502;-114.0681754977,51.047161518;-114.0680728134,51.0471598698;-114.0680442568,51.0471367828;-114.0678638449,51.0471329322;-114.0678397303,51.0471241363;-114.0678162094,51.0471312518;-114.0676948415,51.0471287151;-114.0676930514,51.0471724962;-114.0678122801,51.0471749442;-114.0678345386,51.0471823028;-114.0678599157,51.0471767145;-114.0680339134,51.0471828162;-114.0680947272,51.0472239538;-114.0682342312,51.0471456618
109|1060.37|1048.44|-114.0705852178,51.045174885;-114.0703322206,51.0451674861;-114.0703284456,51.0452172915;-114.0705813,51.0452244208;-114.0705852178,51.045174885
110|1054.95|1046.23|-114.0664783685,51.0483392512;-114.0663905135,51.0483373234;-114.0663763372,51.0485966851;-114.0664641928,51.0485986129;-114.0664783685,51.0483392512
111|1055.22|1045.29|-114.0597540308,51.0417435189;-114.0597293402,51.0417269904;-114.0596976895,51.0417315014;-114.0594486088,51.0418714188;-114.0594850025,51.0418958524;-114.0597540308,51.0417435189
112|1054.98|1045.7|-114.0635873264,51.0475768226;-114.0635703546,51.0475763824;-114.0635864429,51.0473482143;-114.0635224067,51.0473464512;-114.0635089775,51.0475379397;-114.0635206724,51.047538293;-114.0635192756,51.0475596893;-114.0635072954,51.0475593362;-114.0635028154,51.0476205587;-114.0635839667,51.0476229418;-114.0635873264,51.0475768226
113|1053.35|1043.83|-114.058301475,51.0468069115;-114.0577532541,51.0467925304;-114.0577504542,51.0468346037;-114.0582985358,51.0468512323;-114.058301475,51.0468069115
114|1050.1|1042.46|-114.0566698357,51.0479690972;-114.056625195,51.0479676804;-114.0566211219,51.0480191037;-114.056604863,51.0480185722;-114.0565705911,51.0484508149;-114.0566215073,51.0484522286;-114.0566227704,51.0484354172;-114.0566318982,51.0484356825;-114.0566698357,51.0479690972
115|1057.64|1042.88|-114.0566978952,51.0471219813;-114.0566238761,51.0471198597;-114.056602815,51.0473913597;-114.0566779756,51.0473936606;-114.0566978952,51.0471219813
116|1055.85|1045.73|-114.0654890653,51.0479583755;-114.0650341037,51.0479470327;-114.0650331817,51.048001511;-114.0650413104,51.0480012368;-114.0650375251,51.0480478956;-114.0648746546,51.0480460983;-114.0648681667,51.0480979726;-114.0651308772,51.0481055577;-114.0651350794,51.0480511675;-114.0651233846,51.0480509942;-114.0651268831,51.0480032568;-114.0654857173,51.0480114167;-114.0654890653,51.0479583755
117|1066.08|1048.38|-114.0697058829,51.045639283;-114.0691426941,51.0456220875;-114.0691412953,51.0456404274;-114.0694564751,51.0456495898;-114.0694517249,51.0457154874;-114.0694641324,51.0457158396;-114.0694602194,51.0457693309;-114.0694486675,51.0457689781;-114.0694437778,51.0458369434;-114.0694677371,51.0458375585;-114.0694646477,51.0458696537;-114.0694773396,51.0458693764;-114.0695338536,51.0458964918;-114.0695978504,51.0458730804;-114.0696342153,51.0458726992;-114.0696417692,51.0457746167;-114.0696286484,51.045774175;-114.0696325626,51.0457215827;-114.0696451128,51.0457219348;-114.0696511452,51.0456554072;-114.0697044836,51.0456570835;-114.0697058829,51.045639283
118|1060.71|1047.04|-114.0694452864,51.0475135274;-114.0693624234,51.0475109696;-114.0693453518,51.0477302393;-114.0693288076,51.0477297097;-114.0693276879,51.0477439141;-114.0693243914,51.0478285094;-114.0693583355,51.0478295681;-114.0693416824,51.0480426345;-114.0692427577,51.0480769441;-114.0692416407,51.0480930363;-114.0693969575,51.0480978886;-114.0694178092,51.0478315105;-114.0694242273,51.0478317764;-114.0694336348,51.0477329737;-114.0694282152,51.0477327971;-114.0694452864,51.0475135274
119|1057.12|1047.01|-114.0695783494,51.0484677081;-114.0695030441,51.0484655953;-114.0694858666,51.0487092272;-114.0695610298,51.04871134;-114.0695783494,51.0484677081
120|1059.82|1047.29|-114.0716896004,51.0452860451;-114.0713212298,51.0452768313;-114.071320671,51.045284383;-114.0708303701,51.0452747924;-114.0708277288,51.0453195629;-114.0709907356,51.0453233296;-114.0709912882,51.0453116426;-114.0713105967,51.0453175612;-114.0713636512,51.0453203157;-114.0713632419,51.0453323622;-114.071685693,51.0453415142;-114.0716896004,51.0452860451
121|1058.8|1047.16|-114.0704090123,51.048129017;-114.0700470332,51.0481171883;-114.0700432627,51.0481703199;-114.0703975403,51.0481817937;-114.0703981014,51.0481755904;-114.0704048048,51.0481758561;-114.0704090123,51.048129017
122|1055.88|1046.37|-114.0707925461,51.0512409389;-114.0707497956,51.0512655067;-114.0707139589,51.0512408966;-114.0706853696,51.0516672965;-114.0707618211,51.0516693179;-114.0707925461,51.0512409389
123|1059.42|1041.98|-114.0708785265,51.0506650949;-114.0708161329,51.0506213528;-114.0708024401,51.0506208217;-114.0708011764,51.0506338576;-114.0707305737,51.0506314731;-114.0707528632,51.0502833774;-114.0706808356,51.0502815331;-114.0706528831,51.0506575903;-114.0706464708,51.0506613698;-114.0707162881,51.050709962;-114.0707339567,51.050698894;-114.0707969989,51.0507002942;-114.0707915765,51.0507920825;-114.0708317594,51.0507676061;-114.0708711647,51.0507943716;-114.0708785265,51.0506650949
124|1059.39|1045.04|-114.0703349675,51.0499946998;-114.0698786973,51.0499807697;-114.0698747746,51.0500277883;-114.0703333276,51.0500419868;-114.0703349675,51.0499946998
125|1058.76|1045.6|-114.0678180864,51.0498814784;-114.0674676652,51.0498824003;-114.0674636186,51.0499439823;-114.0678140408,51.0499434199;-114.0678180864,51.0498814784
126|1056.34|1046.66|-114.0679450307,51.0490114687;-114.0673923497,51.0489903033;-114.0672393096,51.048983739;-114.0673029814,51.0490275722;-114.067327228,51.0490284572;-114.0673395044,51.0490361813;-114.0678889039,51.0490560904;-114.0679428031,51.0490485976;-114.0679450307,51.0490114687
127|1059.54|1046.66|-114.0663728681,51.0492628259;-114.0663157868,51.0492395749;-114.0662677202,51.0492369951;-114.0662665908,51.0492450865;-114.0662534687,51.0492443748;-114.0662514929,51.0492590292;-114.0662452172,51.049258763;-114.0662412648,51.0492874425;-114.0662606627,51.0492885103;-114.0662476784,51.049384438;-114.0662406895,51.0493840824;-114.0662327918,51.0494464756;-114.0662392101,51.0494467416;-114.0662198746,51.0495895094;-114.0663172924,51.0495947582;-114.0663366281,51.0494523499;-114.0663431891,51.0494527058;-114.066352225,51.0493884241;-114.0663453787,51.0493880684;-114.0663582224,51.0492937589;-114.0663694905,51.0492944716;-114.0663728681,51.0492628259
128|1056.18|1046.27|-114.0668938335,51.0507297421;-114.0667124106,51.0507267893;-114.0667104848,51.050776144;-114.0668901961,51.050778918;-114.0668938335,51.0507297421
129|1057.91|1047.37|-114.0703335934,51.0490874574;-114.0699697562,51.049077877;-114.0699661321,51.0491336154;-114.0703298265,51.0491428364;-114.0703335934,51.0490874574
130|1060.1|1048.47|-114.0690575908,51.0445901164;-114.0690056252,51.044551671;-114.0689503389,51.0445818193;-114.0689325168,51.0448725578;-114.06902279,51.044874662;-114.0690387869,51.0446036121;-114.0690575908,51.0445901164
131|1057.04|1047.42|-114.0619257241,51.0443720662;-114.0618542759,51.0443698566;-114.0618280483,51.0447000634;-114.061899497,51.044702273;-114.0619257241,51.0443720662
132|1056.62|1047.04|-114.0608339444,51.0449207436;-114.0604235912,51.0449740858;-114.0604208004,51.0450211935;-114.0608298704,51.0449677621;-114.0608339444,51.0449207436
133|1059.39|1043.41|-114.0691935176,51.0469031842;-114.0691101475,51.0468466881;-114.0690257182,51.04684494;-114.0690248804,51.0468569867;-114.0688082408,51.0468497429;-114.0688135371,51.0467667646;-114.0690355515,51.0465524083;-114.0689374306,51.0465497693;-114.0687111392,51.0467652966;-114.0687030574,51.0468935848;-114.0687090474,51.046893761;-114.0687010245,51.0471582436;-114.0687542204,51.0471589315;-114.0687622439,51.0468949883;-114.0691935176,51.0469031842
134|1058.01775381|1047.46|-114.0668063171,51.04649516;-114.0667232067,51.0464927496;-114.0667048257,51.0467471138;-114.0667900416,51.046749593;-114.0668063171,51.04649516
135|1054.31|1044.22|-114.0606300192,51.0487462498;-114.0606185997,51.0487385245;-114.0606222428,51.0486888094;-114.0606071246,51.0486882779;-114.0604979621,51.0487521615;-114.0600534036,51.0487396254;-114.060018488,51.0487596904;-114.0599323431,51.0487572175;-114.059882038,51.0487876285;-114.0605472302,51.0488017593;-114.0605507293,51.0487508756;-114.0606179053,51.0487529085;-114.0606300192,51.0487462498
137|1055.23|1045.12|-114.0606853962,51.046922205;-114.060255827,51.046907684;-114.0602532993,51.0469379807;-114.0606830095,51.0469510632;-114.0606853962,51.046922205
138|1057.8|1047.14|-114.0617534673,51.0454523638;-114.0617481351,51.0454104744;-114.0616607124,51.0454076438;-114.0616472562,51.0455841194;-114.0617333955,51.0455867709;-114.0617458841,51.0455409166;-114.0617534673,51.0454523638
143|1058.78|1048.44|-114.0729476496,51.0457155153;-114.0728575161,51.0457126948;-114.0728566889,51.0457308546;-114.0728615378,51.0457309415;-114.072847021,51.0459315115;-114.0729284559,51.0459344273;-114.0729414027,51.0457333189;-114.0729459665,51.0457334959;-114.0729476496,51.0457155153
144|1057.93|1047.26|-114.0751137414,51.0486247485;-114.0750230309,51.0486214806;-114.0750056796,51.048916175;-114.0750941069,51.0489182758;-114.0751137414,51.0486247485
145|1058.57|1048.56|-114.078791981,51.0482721769;-114.0784431269,51.0482647703;-114.0784398012,51.0483223068;-114.0787888022,51.0483319608;-114.078791981,51.0482721769
146|1061.13|1049.7|-114.0792673617,51.0477929726;-114.0791807901,51.0477906939;-114.0791674734,51.0480103221;-114.0792496256,51.0480133229;-114.0792673617,51.0477929726
147|1065.87|1048.97|-114.0794207396,51.0468307875;-114.0793241869,51.0468285157;-114.0793063372,51.047065587;-114.0794048876,51.047068217;-114.0794207396,51.0468307875
148|1059.52|1048.5|-114.076271642,51.0492222651;-114.0758115256,51.0492075516;-114.0758074683,51.0492557392;-114.0762685802,51.0492684743;-114.076271642,51.0492222651
149|1059.31|1047.95|-114.0732811143,51.0485453639;-114.0731991061,51.0485435275;-114.0731880305,51.0486648957;-114.0731646636,51.048679204;-114.0731813704,51.0486921388;-114.0731676965,51.0487937313;-114.073247712,51.0487978164;-114.0732626701,51.0486966726;-114.0732793357,51.0486835372;-114.0732676186,51.0486693407;-114.0732811143,51.0485453639
150|1060.01|1048.5|-114.0754958828,51.0467359398;-114.0753944806,51.0467330387;-114.07538245,51.0469650714;-114.0754802877,51.0469682446;-114.0754958828,51.0467359398
151|1059.61|1048.73|-114.076430341,51.0464266251;-114.0763912656,51.0464267406;-114.0763911089,51.0464182004;-114.0763414795,51.0464177833;-114.0763414696,51.0464117602;-114.0762929808,51.0464112525;-114.0762932507,51.046401903;-114.0762431934,51.0464014862;-114.076243321,51.0463923166;-114.0761962587,51.0463919877;-114.0761963867,51.0463830878;-114.076145759,51.0463826713;-114.0761458898,51.0463754794;-114.076097116,51.0463750617;-114.0760972477,51.0463684092;-114.0758496711,51.0463663227;-114.0758487487,51.0464128002;-114.0760910586,51.0464207335;-114.0760907909,51.0464314314;-114.0761381386,51.0464318501;-114.0761378671,51.0464402107;-114.0762369954,51.0464483267;-114.0762368652,51.0464558782;-114.0762859243,51.0464562957;-114.0762856534,51.0464650159;-114.0763344272,51.0464654335;-114.0763342973,51.0464731648;-114.076384214,51.0464747503;-114.0763840842,51.0464825715;-114.0764262977,51.0464828136;-114.076430341,51.0464266251
152|1059.19|1049.23|-114.0766270654,51.0454276471;-114.0761604301,51.0454151867;-114.0761566707,51.0454706558;-114.0766234483,51.0454826666;-114.0766270654,51.0454276471
153|1060.29|1049.12|-114.0780978813,51.0458234804;-114.0779986204,51.0458207599;-114.0779789544,51.0460839924;-114.0780806387,51.0460858123;-114.0780978813,51.0458234804
154|1060.28|1049.11|-114.0788585094,51.0473048371;-114.078514793,51.0472952697;-114.0785113211,51.0473505589;-114.0788546101,51.0473601266;-114.0788585094,51.0473048371
155|1061.09|1048.36|-114.0763497997,51.0482692129;-114.0757653287,51.0482533219;-114.0757617044,51.0483046556;-114.0763464654,51.0483230636;-114.0763497997,51.0482692129
156|1058.94|1049.17|-114.0773865648,51.0448942352;-114.0773022809,51.0448923133;-114.0772846783,51.045197886;-114.0773689627,51.045199808;-114.0773865648,51.0448942352
157|1060.28|1047.65|-114.078979828,51.0464391339;-114.0786056019,51.0464312055;-114.0784829548,51.0464304789;-114.0785574796,51.0464787037;-114.0785888551,51.0464793119;-114.0785884398,51.0464866837;-114.0789762181,51.0464967605;-114.078979828,51.0464391339
159|1056.69|1047.14|-114.0719042569,51.0490922084;-114.0717660934,51.0490853146;-114.0717673911,51.049062185;-114.0716633893,51.0490598647;-114.0716638973,51.0490508118;-114.0713437342,51.0490428872;-114.0713434469,51.0490480008;-114.0712148396,51.0490451314;-114.0712120172,51.0490954046;-114.0719030938,51.0491129178;-114.0719042569,51.0490922084
160|1058.77|1044.95|-114.0717784545,51.0510130261;-114.0711598747,51.0509861493;-114.0711592148,51.0509920641;-114.071188341,51.0510147777;-114.0711538619,51.051041296;-114.0717741426,51.0510682239;-114.0717784545,51.0510130261
162|1060.21|1049.94|-114.0799001363,51.0474191829;-114.0798292366,51.0474165345;-114.079824039,51.0474717017;-114.0798953289,51.0474739903;-114.0799001363,51.0474191829
163|1057.94|1047.76|-114.073867918,51.0481995804;-114.0734215954,51.0481860462;-114.0734179732,51.0482403464;-114.0732211523,51.0482343569;-114.073219358,51.0482568881;-114.0735125365,51.0482652856;-114.0735142777,51.0482400054;-114.073864148,51.0482502857;-114.073867918,51.0481995804
1055|1076.73|1073.48|-114.0451708586,51.0384645843;-114.045104684,51.0384499565;-114.0450732273,51.0385066041;-114.045138547,51.0385218614;-114.0451708586,51.0384645843
1083|1051.28|1048.27|-114.0710509814,51.0400520704;-114.0710180413,51.0400511915;-114.0710067944,51.040062885;-114.0709479018,51.0400614824;-114.070933917,51.040054389;-114.0709343364,51.040048905;-114.070906102,51.040048113;-114.0708957087,51.0400585474;-114.070869763,51.0400625186;-114.0708485082,51.040056868;-114.0708425033,51.0400463536;-114.070819117,51.0400455587;-114.0708097214,51.0400557228;-114.0707803519,51.0400586173;-114.0707553848,51.040049757599996;-114.0707552334,51.0400439793;-114.070707463,51.0400425698;-114.0706966401,51.0400518358;-114.0706709788,51.0400552674;-114.0706577138,51.0400526684;-114.0706508516,51.0400409859;-114.0706216189,51.0400401046;-114.070606521,51.040051171100004;-114.0705852775,51.0400529819;-114.0705704446,51.0400507434;-114.0705584467,51.0400374458;-114.07054803689999,51.0400370925;-114.0705370728,51.0400472575;-114.0705098423,51.0400502406;-114.0704948668,51.0400480921;-114.0704821571,51.0400355141;-114.0704390937,51.0400350906;-114.0704388161,51.040040125;-114.0704150142,51.0400473312;-114.0703797864,51.0400423181;-114.0703750673,51.0400333312;-114.0703421271,51.0400323622;-114.0703304017,51.040199039;-114.0710251414,51.0402183963;-114.0710301677,51.0401484531;-114.0710441425,51.0401488941;-114.0710509814,51.0400520704
1085|1053.1|1045.19|-114.0573524989,51.0435477037;-114.0567488392,51.0435291199;-114.056743645,51.0435963657;-114.0568615951,51.0436106919;-114.0573463227,51.0436273558;-114.0573524989,51.0435477037
1086|1049.3|1044.81|-114.0581127517,51.0402726362;-114.0581093048,51.0401389604;-114.0580303097,51.0401397189;-114.0580334707,51.0402730352;-114.0581127517,51.0402726362
1090|1051.5|1047.95|-114.068952946,51.0469142938;-114.0689080214,51.0469132415;-114.06890426,51.046973385;-114.0689493274,51.0469744372;-114.068952946,51.0469142938
1093|1054.36|1043.86|-114.0570322899,51.0461650416;-114.0569569887,51.0461628309;-114.0569532106,51.0462218053;-114.056942657,51.0462215408;-114.0569259398,51.0464283128;-114.0570076592,51.0464307901;-114.0570322899,51.0461650416
1094|1050.35|1043.72|-114.059217668,51.0480758906;-114.0591540586,51.0480739451;-114.0591241802,51.0484658225;-114.0591879324,51.0484674983;-114.059217668,51.0480758906
1095|1057.93|1047.6|-114.0705107859,51.0471536599;-114.0701272907,51.0471491261;-114.0701262318,51.0472034247;-114.0705097254,51.04720661;-114.0705107859,51.0471536599
1096|1058.27|1048.43|-114.0681263799,51.0451770632;-114.0674294217,51.045153285;-114.067424802,51.0452127098;-114.068121189,51.0452354096;-114.0681263799,51.0451770632
1097|1056.86|1045.39|-114.0634408595,51.0493507555;-114.0634193032,51.0493356644;-114.0634247362,51.0492409996;-114.0633492871,51.0492387931;-114.0633424287,51.0493340879;-114.0633179155,51.0493469565;-114.0633394718,51.0493620476;-114.0633326141,51.0494578818;-114.0634092046,51.0494601776;-114.0634180597,51.0493649716;-114.0634408595,51.0493507555
1099|1059.13|1047.95|-114.0642900594,51.0444328188;-114.0642643894,51.0444320238;-114.0642618689,51.0444655569;-114.0642401972,51.0444687152;-114.06422909,51.0444803181;-114.0642079108,51.0447365371;-114.0642658116,51.0447384831;-114.0642900594,51.0444328188
1100|1058.81|1046.37|-114.0654636324,51.0487342932;-114.064972721,51.0487212623;-114.0649437682,51.0487203794;-114.0649636711,51.0487768239;-114.0654595753,51.0487902116;-114.0654636324,51.0487342932
1101|1055.68|1045.89|-114.0637763538,51.0482454656;-114.0637143136,51.048244151;-114.063699572,51.048518166;-114.0637617552,51.0485194805;-114.0637763538,51.0482454656
1128|1054.29|1050.76|-114.0777339846,51.0403958095;-114.0776902065,51.04039458;-114.0776849102,51.0404676702;-114.0777286884,51.0404688996;-114.0777339846,51.0403958095
1130|1047.92|1045.09|-114.076925251,51.0517937973;-114.0768121419,51.0517907253;-114.0768071307,51.0518653433;-114.0769205245,51.0518679656;-114.076925251,51.0517937973
1808|1055.8|1043.09|-114.0614025797,51.0479877427;-114.0613727149,51.0479438885;-114.0610947464,51.0479365726;-114.0610340163,51.0479551232;-114.0609872765,51.0479842743;-114.0609706303,51.0480146683;-114.0609353723,51.0485339334;-114.0610014066,51.048535607;-114.06103739,51.0480262302;-114.0610514732,51.047998984;-114.0610795493,51.047984316;-114.0611194764,51.0479801599;-114.0614025797,51.0479877427
1809|1053.74|1044.38|-114.0593705731,51.0471991346;-114.0593063953,51.0471979087;-114.0592828703,51.0475380021;-114.0593479041,51.0475391377;-114.0593705731,51.0471991346
1810|1060.98|1048.3|-114.0722203951,51.0466667211;-114.0721276929,51.0466639915;-114.0721080446,51.0468684301;-114.0722007474,51.0468712496;-114.0722203951,51.0466667211
2089|1048.17|1043.63|-114.0543655641,51.0448527372;-114.0542751479,51.0448509057;-114.0542747269,51.0448591729;-114.0542455973,51.0448585832;-114.0542460797,51.044849106;-114.05407031,51.0448455457;-114.0540686146,51.0448788247;-114.054032212,51.0448780873;-114.054026345,51.0449931649;-114.0542503432,51.0449977187;-114.0542516495,51.0449721054;-114.0542839565,51.0449727593;-114.0542844849,51.0449624037;-114.0543269143,51.0449632632;-114.0543276533,51.0448806454;-114.0543652205,51.0448808716;-114.0543655641,51.0448527372
2091|1046.72|1043.32|-114.0517972654,51.0447824577;-114.051729156,51.0447806611;-114.0517247759,51.0448466522;-114.0517928854,51.0448484487;-114.0517972654,51.0447824577
2246|1076.13|1043.49|-114.0534956102,51.0446851142;-114.0534652012,51.0446643986;-114.0534492381,51.044639784;-114.0534483226,51.0446137519;-114.0534792246,51.0445747592;-114.0533150174,51.0445826768;-114.053130641,51.0445665604;-114.0530731563,51.0445500481;-114.0531024299,51.0445933213;-114.053100761,51.0446166099;-114.0530839907,51.0446604101;-114.0532342497,51.0446511165;-114.0533056389,51.0446528838;-114.0533943921,51.0446623778;-114.0534956102,51.0446851142
2398|1053.9684|1047.22|-114.0687437968,51.0422613483;-114.0686933928,51.0422596825;-114.0686921092,51.0422691836;-114.0685918819,51.042266088;-114.068595719,51.042213734;-114.0684776955,51.0422057295;-114.0683735556,51.0422066121;-114.068368732,51.0422844751;-114.0683877911,51.0422849799;-114.0683810749,51.0423858433;-114.0684604344,51.0423879436;-114.0684617483,51.0423670633;-114.0684935531,51.0423677135;-114.0684920994,51.042389545;-114.0686074524,51.0423925977;-114.0686096886,51.0423590269;-114.0687373069,51.0423624193;-114.0687437968,51.0422613483
2400|1050.7364|1047.29|-114.068549589,51.0421706768;-114.0685098829,51.042169082;-114.0685109367,51.0421574549;-114.0684742159,51.0421563033;-114.0684731531,51.042168556;-114.0684340135,51.0421672071;-114.0684349964,51.0421558642;-114.0683994952,51.0421549015;-114.0683983632,51.0421667183;-114.0683736695,51.0421658104;-114.0683715792,51.0421930469;-114.0685476539,51.0421987161;-114.068549589,51.0421706768
2401|1052.9137|1047.16|-114.0689389877,51.0422174165;-114.0688919489,51.0422175413;-114.0688917251,51.0421839576;-114.0687685333,51.0421842845;-114.0687687423,51.0422156208;-114.0687348738,51.04221571;-114.068734731,51.0421943136;-114.0687162617,51.0421943622;-114.0687161459,51.0422183029;-114.0686302074,51.042218285;-114.0686301956,51.0422411531;-114.0687161341,51.042241171;-114.0687155006,51.0422524517;-114.0687690159,51.0422530728;-114.0687696529,51.0422393164;-114.0688781591,51.0422422047;-114.0688777604,51.0422503065;-114.0689379284,51.0422511952;-114.0689389877,51.0422174165
3534|1046.0004|1041.58|-114.0398801861,51.0426346571;-114.0397834264,51.0426097418;-114.0396847648,51.0427620165;-114.0397815247,51.0427869319;-114.0398801861,51.0426346571
3535|1046.3127|1042.24|-114.0471889903,51.0427715157;-114.0471097635,51.0427677908;-114.0470941839,51.042899476;-114.0471734109,51.0429032018;-114.0471889903,51.0427715157
3536|1049.392|1045.99|-114.0435246095,51.0415718135;-114.0434412203,51.0415548314;-114.0434082551,51.0416191679;-114.043491643,51.0416361491;-114.0435246095,51.0415718135
3537|1046.216|1042.69|-114.0481319443,51.0412616211;-114.0480205151,51.0412609558;-114.0480200815,51.0412898733;-114.0481311472,51.0412905369;-114.0481319443,51.0412616211
3538|1046.2093|1042.7|-114.0481309753,51.0412994;-114.0480193891,51.0412987123;-114.0480207591,51.0413273908;-114.0481304452,51.0413272765;-114.0481309753,51.0412994
3539|1046.5461|1042.24|-114.0473564412,51.0427767779;-114.0471928067,51.0427719465;-114.0471820055,51.042917332;-114.0472635271,51.0429197389;-114.047264495,51.0429067115;-114.0473470528,51.042903137;-114.0473564412,51.0427767779
3540|1060.7736|1056.57|-114.0464671394,51.0521862567;-114.0463509697,51.052186622;-114.0463492199,51.0522655021;-114.0464661919,51.052265702;-114.0464671394,51.0521862567
3541|1043.7091|1040.84|-114.0450773633,51.0511354502;-114.0450811287,51.0510825963;-114.0450206134,51.0510820021;-114.0450233709,51.0511355303;-114.0450773633,51.0511354502
3545|1045.7128|1040.98|-114.0418763749,51.0439514478;-114.0416057212,51.0438861127;-114.0415572731,51.0439658725;-114.0418279257,51.0440312077;-114.0418763749,51.0439514478
3546|1046.2053|1042.76|-114.0481311744,51.041216359;-114.0480208365,51.0412160169;-114.04802061,51.0412451815;-114.0481309465,51.0412455236;-114.0481311744,51.041216359
3655|1053.4849|1043.75|-114.0568967488,51.0462154501;-114.0561857581,51.0461976348;-114.0561806058,51.046276871;-114.0568915643,51.0462952293;-114.0568967488,51.0462154501
3657|1056.7522|1045.44|-114.0677767306,51.0507612198;-114.0677323896,51.0507599564;-114.0677330787,51.0507503388;-114.0674231337,51.0507415085;-114.0674225046,51.0507502837;-114.0673678614,51.0507487267;-114.0673639485,51.0508032921;-114.0674185903,51.0508048491;-114.0674179319,51.0508140397;-114.0677290085,51.0508229026;-114.0677297242,51.0508129191;-114.0677729342,51.0508141499;-114.0677767306,51.0507612198
3658|1057.2408|1047.92|-114.0697624839,51.046594962;-114.0690521473,51.0465735828;-114.0690467334,51.0466558538;-114.0697562212,51.0466772074;-114.0697624839,51.046594962
3659|1050.7451|1045.97|-114.0619719142,51.0468444142;-114.061940561,51.0468435058;-114.0619379752,51.0468829136;-114.0619203031,51.0468821777;-114.0619178921,51.0469243588;-114.0619665772,51.0469253084;-114.0619719142,51.0468444142
3660|1050.7852|1046.17|-114.0620413962,51.0467896847;-114.0619905972,51.0467883515;-114.0619881943,51.046824727;-114.0620389933,51.0468260602;-114.0620413962,51.0467896847
3661|1058.6985|1048.49|-114.0706551636,51.045241222;-114.0705829513,51.045239323;-114.0705777911,51.0453102218;-114.0706499812,51.045312431;-114.0706551636,51.045241222
3663|1053.5193|1043.76|-114.056888637,51.0463364298;-114.0561781192,51.0463150093;-114.0561723495,51.0463966218;-114.0568825109,51.0464171956;-114.056888637,51.0463364298
3664|1057.1917|1044.72|-114.0684819258,51.0503644689;-114.0684674908,51.050363484;-114.0684761256,51.0503144004;-114.068391206,51.0503113783;-114.0683833592,51.0503570786;-114.068365421,51.0503558548;-114.0683370552,51.0505210315;-114.0683524958,51.0505220851;-114.0683451983,51.050568016;-114.0684322398,51.0505723881;-114.0684395017,51.0505284699;-114.0684542031,51.050529256;-114.0684819258,51.0503644689
3665|1058.0543|1045.92|-114.0635829119,51.0469305659;-114.0635071697,51.0469292667;-114.063500416,51.0470067502;-114.0635770721,51.0470088544;-114.0635829119,51.0469305659
3666|1055.5917|1046.38|-114.0646307328,51.0465494901;-114.0639614796,51.0465298453;-114.0639542326,51.0466089247;-114.0646273734,51.0466267497;-114.0646307328,51.0465494901
3667|1054.232|1046.82|-114.0649633873,51.0465623192;-114.0646311944,51.0465491662;-114.0646184797,51.0466428219;-114.0649532578,51.0466553281;-114.0649633873,51.0465623192
3668|1047.2423|1043.91|-114.0493692479,51.0398756098;-114.0492584368,51.0398697575;-114.0492439991,51.0399784163;-114.0493548105,51.0399842686;-114.0493692479,51.0398756098
3669|1074.4181|1043.53|-114.0606533111,51.0508881856;-114.060356013,51.0508804088;-114.0603470229,51.0510392016;-114.0603649136,51.0510500043;-114.0604016267,51.0510542141;-114.0606452011,51.0510604941;-114.0606533111,51.0508881856
3670|1051.4699|1048.52|-114.0692572331,51.0391547024;-114.069201079,51.039152997;-114.0691974678,51.0392002897;-114.069253615,51.0392020724;-114.0692572331,51.0391547024
3671|1050.5883|1043.59|-114.0593816439,51.0484726698;-114.0588905198,51.0484570928;-114.058888457,51.0485049515;-114.0589503027,51.0485067992;-114.0589482815,51.0485346288;-114.0593768255,51.0485501925;-114.0593816439,51.0484726698
3672|1049.803|1043.63|-114.0595427878,51.0477129719;-114.0595326089,51.0477126768;-114.0595420732,51.0475827812;-114.0595034545,51.0475816628;-114.0595056436,51.0475516261;-114.0594595588,51.0475502921;-114.059462653,51.0475153969;-114.0593491737,51.047511473;-114.0593478039,51.0475388223;-114.0592835043,51.0475375001;-114.0592855507,51.0475083544;-114.0589876205,51.0474999244;-114.0589885328,51.0474895453;-114.0589264825,51.0474883378;-114.0589207314,51.0475629744;-114.0589927674,51.0475650111;-114.0589880355,51.0476335736;-114.0589142231,51.0476309139;-114.0589117969,51.0476621455;-114.0587653719,51.0476572632;-114.0587636705,51.0476933578;-114.0588708892,51.047695963;-114.0588536609,51.0479095272;-114.058874314,51.0479102234;-114.0588663673,51.0480192638;-114.0588470855,51.0480225727;-114.0588446352,51.0480562;-114.0588841714,51.0480573452;-114.0588832967,51.0480693487;-114.0589193642,51.0480703653;-114.058916798,51.0481182567;-114.0589988812,51.0481206335;-114.0590010268,51.0480964698;-114.0590750847,51.0480986232;-114.0590767527,51.048075748;-114.0594205934,51.0480841058;-114.0594222878,51.0480608477;-114.059467817,51.0480621658;-114.0594699347,51.0480330973;-114.0595081856,51.0480339705;-114.0595236653,51.0478215326;-114.0595348539,51.0478218569;-114.0595427878,51.0477129719
3673|1289.4039|1046.24|-114.0664617031,51.0470024618;-114.0655918026,51.0469734525;-114.065563615,51.0469784666;-114.0655397099,51.0469893504;-114.065516614,51.0473232024;-114.0655431167,51.0473469267;-114.065578871,51.0473526232;-114.0664341507,51.0473766426;-114.0664617031,51.0470024618
3674|1066.7234|1046.38|-114.0668330276,51.0467999289;-114.066812114,51.0467992963;-114.0668144425,51.0467465514;-114.066567314,51.0467408445;-114.0665265859,51.0467521921;-114.0665124255,51.0467678315;-114.0664947575,51.0468108358;-114.0664787862,51.0470398961;-114.0664599506,51.047038454;-114.0664376336,51.0473538795;-114.0664696186,51.0473654563;-114.0664883071,51.0473826421;-114.0665149698,51.0473942624;-114.0667664214,51.0474048177;-114.0667745562,51.0473463114;-114.0668098274,51.0473481648;-114.0668151441,51.047274828;-114.0667537568,51.0472735056;-114.0667718207,51.0470634727;-114.0667838848,51.0470638371;-114.0667853251,51.0470448841;-114.0667699707,51.04704442;-114.0667736716,51.0470008285;-114.0668193334,51.0470027748;-114.0668230805,51.0469615925;-114.0667983867,51.0469603741;-114.0668023528,51.0468889691;-114.0668272081,51.0468904777;-114.0668330276,51.0467999289
3675|1057.0962|1046.33|-114.0666789954,51.0473985136;-114.066593255,51.0473960894;-114.0665703988,51.0476791189;-114.0666568232,51.047681727;-114.0666789954,51.0473985136
3771|1059.3499|1048.47|-114.0744427006,51.0463280347;-114.0744355797,51.0463278361;-114.074436479,51.0463150216;-114.0732489208,51.0462818967;-114.0732455427,51.0463300137;-114.0744155677,51.0463682532;-114.0744308451,51.0463661417;-114.0744317709,51.046352937;-114.0744409355,51.0463531927;-114.0744427006,51.0463280347
3773|1057.6083|1048.33|-114.0720258095,51.0467551688;-114.0718310441,51.0467499461;-114.0718254758,51.0468324402;-114.0720202429,51.0468376638;-114.0720258095,51.0467551688
3774|1057.6835|1048.35|-114.0727019394,51.0467740818;-114.0722226281,51.0467618652;-114.0722157816,51.0468437542;-114.0722040983,51.0468434567;-114.0722029176,51.046861872;-114.0723551686,51.0468657522;-114.0723563492,51.0468473378;-114.072696684,51.046856012;-114.0727019394,51.0467740818
3775|1057.8387|1048.55|-114.0751233163,51.0467465064;-114.0744125887,51.0467261965;-114.0744066793,51.046808371;-114.0751174082,51.0468286808;-114.0751233163,51.0467465064
3776|1058.4706|1049.09|-114.0801553954,51.0468906098;-114.0794456889,51.0468678433;-114.0794390232,51.0469504122;-114.0801489777,51.0469731866;-114.0801553954,51.0468906098
3784|1052.1018|1048.46|-114.0730320769,51.0408685831;-114.072913074,51.0408653591;-114.0729105762,51.0409020217;-114.0730295778,51.0409052457;-114.0730320769,51.0408685831
4164|1050.6729|1046.58|-114.066708076,51.0537150125;-114.0666492196,51.0536891853;-114.0665976306,51.0537390501;-114.0666544102,51.0537638402;-114.066708076,51.0537150125
5508|1050.60837187|1046.32|-114.0528284752,51.0523811731;-114.0527413497,51.0523797777;-114.0527390747,51.0524362144;-114.0528262003,51.0524376098;-114.0528284752,51.0523811731
5553|1051.86664012|1046.05|-114.0626946322,51.0470794482;-114.0625541869,51.0470744722;-114.0625510651,51.0471094807;-114.0626915106,51.0471144568;-114.0626946322,51.0470794482
5554|1051.74675159|1045.91|-114.0627114706,51.0468175639;-114.0626272802,51.0468151027;-114.0626257591,51.0468345788;-114.0625715654,51.0468328953;-114.0625689311,51.0468666028;-114.0627069022,51.0468710417;-114.0627114706,51.0468175639
5555|1051.75321097|1045.88|-114.0618948586,51.0471490595;-114.0617992964,51.0471460733;-114.0617952144,51.047192974;-114.061890764,51.0471959629;-114.0618948586,51.0471490595
5556|1051.18805799|1046.05|-114.062697395,51.0470131763;-114.0626132065,51.047011374;-114.0626107689,51.0470566278;-114.062669071,51.0470578758;-114.0626705319,51.0470307701;-114.0626964183,51.0470313244;-114.062697395,51.0470131763
6607|1091.2136|1043.07|-114.0401633272,51.0515141245;-114.0401609414,51.0512292688;-114.0397137125,51.0512307557;-114.0397151353,51.0515151658;-114.0401633272,51.0515141245
