MURDOCH PARK; MCDOUGALL SLOPE|COMMUNITY PARK|-114.04501740409138,51.05131717422191;-114.04557007565735,51.05130948420404;-114.04568206199718,51.05136489090219;-114.04582571887683,51.05130900129444;-114.045825747388,51.05137835879736;-114.04634721317964,51.0513781585832;-114.0463472515726,51.05144663329052;-114.04692851448598,51.05144646249333;-114.04710631885499,51.05152798169902;-114.04750909047081,51.051530458065486;-114.04754855333867,51.05156465510714;-114.04754880341332,51.05185762288273;-114.04767712872224,51.0518575256612;-114.0476771667269,51.051994555986745;-114.04708775866905,51.05199482728065;-114.0470505491922,51.05192955170818;-114.0469551664265,51.05193797927322;-114.04693900805457,51.05199441784713;-114.04686888166555,51.05199422484031;-114.04686884608769,51.05187701865021;-114.04658209441021,51.051840982009686;-114.04658915365253,51.05178185199195;-114.04582314994155,51.05167587829862;-114.045539015389,51.05166383344059;-114.04553905156877,51.05173708348628;-114.04446221180709,51.051646270359655;-114.04432429213222,51.05160113140453;-114.04422611622367,51.05162681627236;-114.04417706470784,51.051686247900335;-114.04418972666409,51.051739651057204;-114.0442612024112,51.05180620189962;-114.04419162723347,51.051806399029786;-114.04419190992839,51.05228028314378;-114.04426523570606,51.05228025539798;-114.0442650105014,51.052313328670145;-114.04423536433659,51.05236658601588;-114.04416240916238,51.052396504427776;-114.04216520463787,51.052392702148126;-114.04148435741142,51.052308550264655;-114.0405215604976,51.05230478869537;-114.04045087850675,51.05226000840414;-114.04044987472427,51.0511077159772;-114.04041867873075,51.051014959112926;-114.04048377689841,51.05095230967277;-114.04217779515987,51.050962864213616;-114.0423608709115,51.05090070778198;-114.04246045175988,51.050899060691364;-114.04245910043745,51.05110423724578;-114.04287617420029,51.05110438525406;-114.04316311905627,51.05117211070458;-114.04420901051427,51.05117247313873;-114.04420904963682,51.05124203021121;-114.04440017353154,51.05124395708129;-114.04450112642027,51.05130409859548;-114.04501826484174,51.051347332614505;-114.04501740409138,51.05131717422191
OLYMPIC PLAZA|REGIONAL PARK|-114.05820378742838,51.0454964664678;-114.06020329979359,51.04555226876023;-114.06017364227436,51.045963483386466;-114.06039062871125,51.04596969305331;-114.0603760839685,51.04617159286802;-114.06042234642808,51.0461734370277;-114.06040936940047,51.04633064627539;-114.06036190791023,51.046353315929956;-114.05818125433984,51.04628465245877;-114.05815220789152,51.046209935274675;-114.05820378742838,51.0454964664678
OUTWEST PARK|SUBNEIGHBOURHOOD PARK|-114.04276033456823,51.043247756255326;-114.04258149140784,51.04344616658277;-114.0423715086902,51.04340153064803;-114.04234933827534,51.04344213902612;-114.04163679234743,51.04329982052594;-114.04162683946214,51.043251302871184;-114.04176637784711,51.043014715156396;-114.04188579367738,51.043079910937244;-114.04255281447193,51.04324112565034;-114.04276033456823,51.043247756255326
PAGET PARK|SUBNEIGHBOURHOOD PARK|-114.05932897646267,51.04683375262195;-114.05935247723407,51.046449569926075;-114.05959277184738,51.046456116239334;-114.05956669062418,51.046840517850036;-114.05932897646267,51.04683375262195
PRINCE'S ISLAND PARK DEPOT|PARKS DEPOT|-114.07687530235198,51.05430142292128;-114.07652331482997,51.054581119102465;-114.07630350438188,51.05447845726579;-114.07637114526395,51.05442118183838;-114.07639479021334,51.0543250599896;-114.07656818028661,51.05424932231671;-114.0766172175426,51.054183986160815;-114.07683806196049,51.05422665473545;-114.07681785556314,51.05427453557885;-114.07687530235198,51.05430142292128
RAMSEY CIVIC BUILDING|SUBNEIGHBOURHOOD PARK|-114.04065389291412,51.038312035131796;-114.04134736194057,51.038267940784856;-114.04141921814627,51.038717088758716;-114.04072614009122,51.03876256691296;-114.04065389291412,51.038312035131796
SIEN LOK PARK|REGIONAL PARK|-114.06363089734582,51.052232041184595;-114.0631574566248,51.052180795838815;-114.06266547691939,51.052013528163464;-114.06268631035812,51.05165723987917;-114.06274633620293,51.05131919046388;-114.06284022695473,51.05126944662723;-114.06297466854936,51.0512667043228;-114.06294721054259,51.05170996463325;-114.06495576329623,51.05176661747549;-114.06492855911469,51.05213838101284;-114.0648547913839,51.05221497305151;-114.06363089734582,51.052232041184595
SIEN LOK RIVERFRONT PROMENADE|REGIONAL PARK|-114.06269229542175,51.05213293056317;-114.06309684402727,51.05227144497787;-114.06346101563378,51.05233833632596;-114.06501132570313,51.05235666480527;-114.06501307786051,51.053164960285656;-114.06695481204387,51.0539687875598;-114.06737484231961,51.05396860913375;-114.06735765819492,51.05400041567727;-114.0672454681635,51.05403442545677;-114.0672183800639,51.054093323702794;-114.06725612807442,51.05416594791468;-114.06738255972772,51.054208043176885;-114.06728050338667,51.054275466429075;-114.06687207302555,51.05430981050064;-114.06684108741588,51.05429039065203;-114.06686613205238,51.054219544529204;-114.06682960827162,51.054273663751715;-114.0668405174967,51.05420561342722;-114.06671669656778,51.054270725687225;-114.0665068436981,51.05420083334154;-114.0663330993746,51.054120834565936;-114.06615973232213,51.05395482976771;-114.0661162822405,51.053842132252434;-114.06605978882568,51.05381488039291;-114.06485628073084,51.053353770404016;-114.0642797702589,51.05303934974048;-114.06313676863427,51.05269086587731;-114.06268909082176,51.052512402849025;-114.06269229542175,51.05213293056317
THE CONFLUENCE HISTORIC SITE AND PARKLAND; FORT CALGARY|REGIONAL PARK|-114.04828588821113,51.04616895403369;-114.04772129897877,51.046168331889696;-114.04727710431456,51.04629916466712;-114.0468626256443,51.046346298435594;-114.04643181160598,51.04631658221472;-114.04588440892537,51.04619553950369;-114.04552678920936,51.04620678076848;-114.0452071749125,51.046294006332566;-114.04512730890322,51.046354666639786;-114.0451301042164,51.046444328238955;-114.0452127872284,51.046493824307696;-114.0450590360268,51.04663922875022;-114.04449724474762,51.04651343402255;-114.04375528056944,51.04627331164987;-114.04321370644338,51.04614887950358;-114.04210100946467,51.045630864849684;-114.04168051293478,51.04552015418115;-114.04151808002246,51.04544337495286;-114.04157575502322,51.04535559848055;-114.04167702028947,51.0453149647828;-114.04156023645423,51.0452185995747;-114.04182783911256,51.04502291359529;-114.04230631922357,51.04454881431961;-114.04269768696716,51.04393518376513;-114.04290783240464,51.043722322476846;-114.0437429390697,51.0439172825428;-114.0472002325005,51.04401867217293;-114.0479358338936,51.04407216916376;-114.048167214992,51.044105167049004;-114.0482547560512,51.04417979428133;-114.04824395464281,51.04496047802486;-114.04828702504572,51.04499500418817;-114.04828662589532,51.04524754303653;-114.04823776299878,51.04528074881203;-114.04823810672573,51.04590004953582;-114.04828451207469,51.045950899671205;-114.04828588821113,51.04616895403369
|SUBNEIGHBOURHOOD PARK|-114.04400657273757,51.04229839999911;-114.04343712400629,51.043139757512;-114.04334475944908,51.04312577680387;-114.0434278428015,51.04303833696007;-114.04384478215084,51.04232924166513;-114.04434697174513,51.04174572609246;-114.04487822662418,51.04137017655405;-114.04485259051347,51.041359621653925;-114.04490542878867,51.041322078194696;-114.04523311487196,51.04117657876431;-114.04563180149984,51.04090800904716;-114.04629466379535,51.0406091460681;-114.04703025881875,51.04014874398387;-114.0472364721817,51.039975634380106;-114.04756335110733,51.039790741054105;-114.04843095974704,51.039085183549695;-114.04872584919227,51.03877641704292;-114.04899092532325,51.03878390615827;-114.04871296515068,51.03913289178026;-114.04880906909989,51.03921734717184;-114.04877752564192,51.039657495407816;-114.04853750283878,51.03967398992622;-114.04837047503813,51.039565951236916;-114.04827138756195,51.03958107699041;-114.04827154994794,51.039690696034356;-114.04814110509717,51.03969076062549;-114.0481412470816,51.039794748501926;-114.04772123965394,51.03979654969119;-114.04697771884699,51.0403654466295;-114.04621703133462,51.04082677973886;-114.0462880254338,51.04089329010053;-114.04593074125307,51.04100203879464;-114.04500220856183,51.04140597456608;-114.04488386982896,51.04150075213983;-114.04489402390435,51.041550698823364;-114.04483358244435,51.041612229814966;-114.04400657273757,51.04229839999911
|SUBNEIGHBOURHOOD PARK|-114.04127185149646,51.05006112268779;-114.04143358853396,51.05006284543197;-114.04149117974647,51.05009498124985;-114.04149691177633,51.05031685461937;-114.04145656800088,51.05036970154845;-114.041295877233,51.050390974182385;-114.04119714874429,51.05033778985113;-114.04119058327586,51.050105677464586;-114.04127185149646,51.05006112268779
|SUBNEIGHBOURHOOD PARK|-114.04254602225922,51.04996934280752;-114.04301982435587,51.04996695071786;-114.043021404575,51.05035486037338;-114.042386630105,51.05035500598881;-114.04239732428927,51.05003975043033;-114.04254602225922,51.04996934280752
