ANNIE GALE PARK|SUBNEIGHBOURHOOD PARK|-114.04437620468727,51.0512419425969;-114.04437590555426,51.05112891491537;-114.04501730639858,51.05112813116028;-114.04501826484174,51.051347332614505;-114.04450112642027,51.05130409859548;-114.04437620468727,51.0512419425969
BEAULIEU GARDENS; LOUGHEED HOUSE|SUBNEIGHBOURHOOD PARK|-114.07610422965011,51.04034193023468;-114.07610391820074,51.03998818769517;-114.0762122261936,51.03994013527019;-114.07680968642201,51.03994966163268;-114.07675341596921,51.04081901199168;-114.07616933061543,51.040798620613664;-114.07606683133781,51.04076135836903;-114.07609424463912,51.04044598580104;-114.07606368377489,51.040397033179325;-114.07610422965011,51.04034193023468
BRIDGELAND MEMORIAL GARDEN|COMMUNITY PARK|-114.04501740409138,51.05131717422191;-114.04501729364651,51.05110467877388;-114.04561603467818,51.051103815561405;-114.04557007565735,51.05130948420404;-114.04501740409138,51.05131717422191
CENTRAL MEMORIAL PARK|REGIONAL PARK|-114.07125912346862,51.041589052421536;-114.06835213252096,51.04150077169467;-114.06840110398193,51.040718031555855;-114.06846055603198,51.04066795445644;-114.06856335844068,51.040659818710076;-114.07129714767282,51.040736705688644;-114.07141060248613,51.040784860088955;-114.07142466356878,51.04147939791539;-114.0713851467514,51.04155421399342;-114.07125912346862,51.041589052421536
DEVONIAN GARDENS|REGIONAL PARK|-114.06805692039521,51.04652527566275;-114.06808440121253,51.046133875498526;-114.06859607676577,51.046148462418394;-114.0686207487777,51.04581184987852;-114.0702184022932,51.04585776085232;-114.07016643330742,51.04658517825928;-114.06805692039521,51.04652527566275
EAU CLAIRE PLAZA; FESTIVAL MARKET DEPOT|REGIONAL PARK|-114.06999367677558,51.05180047180392;-114.07002179561975,51.051822995795035;-114.0700022816279,51.05209477760546;-114.06996118224774,51.05212165811101;-114.06992004253257,51.0521056810207;-114.06991955255936,51.052074868139044;-114.06999367677558,51.05180047180392 / -114.06977437939709,51.0520541032269;-114.06981404451655,51.05149823235022;-114.06990776291259,51.051508371581804;-114.06995513457942,51.05154496377916;-114.06995703668147,51.051590044307986;-114.0698532830149,51.051964949064;-114.06977437939709,51.0520541032269 / -114.06744854186734,51.054285910930574;-114.06743545306348,51.05418830091495;-114.06725612807442,51.05416594791468;-114.06722101177155,51.05411801694972;-114.0672454681635,51.05403442545677;-114.06735765819492,51.05400041567727;-114.06737484231961,51.05396860913375;-114.06871714174534,51.05392546815306;-114.06871693796217,51.0536239332731;-114.06933064127222,51.05362355468955;-114.06935601421809,51.05238591027793;-114.0697702751423,51.05238578779425;-114.0697676829379,51.05214805612265;-114.06994442023233,51.05219439679925;-114.07005927711138,51.05215686963501;-114.07010801037116,51.051850632463406;-114.0700309886806,51.05173265974732;-114.07006062644902,51.0515585326126;-114.07011754502417,51.05151340422881;-114.0702213750303,51.051508899175175;-114.07021511505144,51.051551294878024;-114.07015320948771,51.051588351732335;-114.07009632392624,51.05238573835165;-114.07035320726985,51.052385706277136;-114.0702900770069,51.05326891252006;-114.07011916745155,51.05326408880462;-114.0700719009614,51.05421049199767;-114.06992827110098,51.0542424987097;-114.06966433776982,51.05420311862392;-114.06943751182253,51.054205000293315;-114.06940871087764,51.05422789443789;-114.06938940782396,51.054203901548895;-114.06932866342407,51.05422378060196;-114.06904974093639,51.054196716742155;-114.06904559871158,51.05416404155762;-114.06890596792226,51.054150969297226;-114.06828714053891,51.0541576099831;-114.06827902013747,51.054204046629415;-114.06799192769378,51.05421557698543;-114.06789836556867,51.05426503078024;-114.06744854186734,51.054285910930574
FLYOVER PARK|SUBNEIGHBOURHOOD PARK|-114.0495989548524,51.0511058395407;-114.04959953724223,51.05102883871207;-114.04980045629142,51.0510709213786;-114.04985874582492,51.05103754285509;-114.04987126081188,51.05097075735086;-114.04973924687148,51.050916317894995;-114.04847312865718,51.0509100023499;-114.04843544799992,51.050869876154906;-114.0484273474432,51.05076236240873;-114.04836013554642,51.050715836049605;-114.04833815135395,51.050617158644364;-114.04806607522924,51.0503661797419;-114.04793490717444,51.050319202063896;-114.04780314640183,51.050354288084954;-114.04753644590349,51.050356901392846;-114.04753469675147,51.0500609459665;-114.04871761342052,51.050611717838834;-114.04882461497367,51.050533515626036;-114.04831248175958,51.050262040963574;-114.04833462116844,51.05024285762563;-114.04931281138447,51.05060723408372;-114.0498390875216,51.050759611440554;-114.05004119596474,51.050854099684855;-114.05014579620473,51.05101563166344;-114.050124741631,51.05101545910192;-114.05012401442018,51.05122042961317;-114.04992025053087,51.05120228745421;-114.0495989548524,51.0511058395407
HARMONY PARK|SUBNEIGHBOURHOOD PARK|-114.0628924930147,51.049231158245014;-114.06296805938845,51.048468977426246;-114.06424735631579,51.0485008779856;-114.06418107603336,51.04929131104302;-114.06292205262655,51.04925865090106;-114.0628924930147,51.049231158245014
HAULTAIN PARK|SUBNEIGHBOURHOOD PARK|-114.06810358857213,51.040557391421665;-114.06653693150778,51.04051380268943;-114.06659234891896,51.03966129102215;-114.06826285029494,51.03972709588615;-114.06820820275652,51.04051304785144;-114.06810358857213,51.040557391421665
HUMPY HOLLOW PARK|SUBNEIGHBOURHOOD PARK|-114.06467321547284,51.038198198476486;-114.06363648411863,51.0381723844635;-114.06362143106658,51.03796605914396;-114.0636763035808,51.03790773256402;-114.06469598330345,51.037891809986306;-114.06467321547284,51.038198198476486
JACK AND JEAN LESLIE RIVERWALK|REGIONAL PARK|-114.05265145726155,51.049435036886585;-114.05251633943791,51.04958730273216;-114.0508954049171,51.04907413464687;-114.04975027416616,51.04850759252038;-114.04767377308708,51.04770960907652;-114.0465891823474,51.04724000583879;-114.0464021321607,51.04719235736799;-114.04564620014604,51.046822075880016;-114.0450590360268,51.04663922875022;-114.0452127872284,51.046493824307696;-114.0451301042164,51.046444328238955;-114.04510836874977,51.04638114601212;-114.0452071749125,51.046294006332566;-114.04565817648432,51.04619221289906;-114.04588440892537,51.04619553950369;-114.04661336269074,51.04634212798803;-114.0468626256443,51.046346298435594;-114.04727710431456,51.04629916466712;-114.04772129897877,51.046168331889696;-114.04828588821113,51.04616895403369;-114.04823685694763,51.04624283031682;-114.04823781875268,51.0468077482076;-114.04828087990293,51.04696891359662;-114.04835783195833,51.047035476806556;-114.04846793596494,51.047073135027965;-114.04846245282506,51.04711446938346;-114.04790649887404,51.04710013431451;-114.0479062996422,51.047321758206486;-114.0494649921713,51.047941970218794;-114.04941701177648,51.0480638903364;-114.04989915449553,51.04814931355852;-114.0499132716922,51.04811838646065;-114.05033607946442,51.048290054586495;-114.05034747390344,51.04835783762341;-114.05044757598979,51.04845531413257;-114.05185579560657,51.049108795819;-114.05265326151066,51.0493873230999;-114.05265145726155,51.049435036886585
JACK AND JEAN LESLIE RIVERWALK|REGIONAL PARK|-114.06240549440125,51.05240480199688;-114.0621997949149,51.05235571448455;-114.06217355599992,51.052317867329606;-114.06141260389728,51.052063008240694;-114.06127540552593,51.05196290596546;-114.06110856701213,51.05189551105428;-114.05966080403473,51.05144566978295;-114.05870671826004,51.05125482728114;-114.05795564913346,51.05104996669981;-114.05688074986524,51.0508187728981;-114.0562263981084,51.050723538616424;-114.0546120433497,51.05040315690729;-114.0529357770867,51.0497888609591;-114.05262796412951,51.04963330599414;-114.05278197045047,51.04945596364021;-114.05284786110802,51.049448315972626;-114.05357676161172,51.04977097151564;-114.05398226847913,51.049887885108085;-114.05726062513752,51.05059849018966;-114.05736673749146,51.050591463030436;-114.05787178972382,51.05070681113414;-114.05792859151792,51.05075148709979;-114.05968418568868,51.05114448321672;-114.05977134204784,51.0511326657374;-114.06023394044615,51.05123910482441;-114.06123695486768,51.05157506181065;-114.06199123291063,51.05189288962335;-114.06243112273684,51.05204350934055;-114.06240549440125,51.05240480199688
LA PIAZZA|SUBNEIGHBOURHOOD PARK|-114.0404918762487,51.053166526680904;-114.0404469075691,51.05310639472728;-114.04049270547985,51.05308045970824;-114.04158721106018,51.05308321822383;-114.04162198450166,51.05310843010362;-114.04159582091003,51.053169850895124;-114.04151132715921,51.053193929334114;-114.04058228217764,51.05319094736715;-114.0404918762487,51.053166526680904
