Lanes (Alleys)||-114.0448469,51.0387983;-114.0448083,51.0388792;-114.0447793,51.0389398;-114.0447118,51.0390813;-114.0446442,51.0392229;-114.0445767,51.0393644
Lanes (Alleys)||-114.0412825,51.0423848;-114.041196,51.041843;-114.0411095,51.0413013;-114.041023,51.0407596;-114.0409484,51.0402924;-114.0409365,51.0402179
Lanes (Alleys)||-114.0428954,51.0418674;-114.0429406,51.0422806
Lanes (Alleys)||-114.0435745,51.0495149;-114.043574,51.0498808;-114.043574,51.0499333
Lanes (Alleys)||-114.0607824,51.0427798;-114.0606541,51.0427762;-114.060165,51.0427628;-114.0595476,51.0427459;-114.0589302,51.0427289;-114.0584435,51.0427166;-114.0583189,51.0427134
Lanes (Alleys)||-114.0607824,51.0427798;-114.0608982,51.0427829;-114.0613915,51.0427962;-114.0620005,51.0428127;-114.0626095,51.0428292;-114.0631085,51.0428427;-114.0632185,51.0428456
Lanes (Alleys)||-114.0657117,51.0429189;-114.0655634,51.0429146;-114.0650884,51.0429006;-114.0644651,51.0428823;-114.0638418,51.042864;-114.0633521,51.0428496;-114.0632185,51.0428456
Lanes (Alleys)||-114.0657117,51.0429189;-114.0658165,51.0429219;-114.0663264,51.0429363;-114.0669411,51.0429537;-114.0675557,51.0429712;-114.0680169,51.0429842;-114.0681704,51.0429886
Lanes (Alleys)||-114.0583189,51.0427134;-114.0581975,51.0427096;-114.0580328,51.0427045;-114.0577852,51.0426987;-114.0574856,51.0426896;-114.0573973,51.0426871;-114.0573409,51.0426856;-114.0571704,51.0426809;-114.0567629,51.0426689;-114.0564151,51.0426588;-114.0561986,51.042653;-114.0559856,51.0426471;-114.0559401,51.0426458;-114.0558653,51.0426433
Lanes (Alleys)||-114.0534254,51.0425741;-114.0535132,51.0425766;-114.0537925,51.0425846;-114.0539827,51.0425904;-114.0542838,51.0425985;-114.0546434,51.042609;-114.0549484,51.0426171;-114.0553735,51.0426295;-114.0556045,51.0426362;-114.0557435,51.0426403;-114.0557978,51.042642;-114.0558653,51.0426433
Lanes (Alleys)||-114.065393,51.0470472;-114.0652652,51.0470433;-114.0647766,51.0470283;-114.0641603,51.0470095;-114.0635439,51.0469907;-114.0630483,51.0469755;-114.0629275,51.0469718
Lanes (Alleys)|FT|-114.0630509,51.0450748;-114.0631971,51.0450787;-114.0636739,51.0450915;-114.0642969,51.0451082;-114.0649199,51.0451249;-114.0654109,51.045138;-114.0655429,51.0451416
Lanes (Alleys)||-114.0543934,51.0467262;-114.053841,51.0467107;-114.0534755,51.0467003;-114.0532622,51.0466942;-114.05311,51.0466899
Lanes (Alleys)||-114.0543934,51.0467262;-114.0547602,51.0467367
Lanes (Alleys)||-114.0743994,51.0384228;-114.0742795,51.0384193;-114.0736981,51.0384028;-114.0729641,51.0383819;-114.0722301,51.0383609;-114.0716476,51.0383443;-114.0714962,51.03834
Lanes (Alleys)||-114.0743994,51.0384228;-114.0745285,51.0384262;-114.0750364,51.0384398;-114.0756407,51.0384559;-114.076245,51.038472;-114.0767315,51.038485;-114.0768494,51.0384882
Lanes (Alleys)||-114.0792569,51.0395057;-114.0791263,51.0395018;-114.0786402,51.0394875;-114.0780235,51.0394693;-114.0774068,51.0394511;-114.0769119,51.0394365;-114.0767901,51.0394329
Lanes (Alleys)||-114.0767901,51.0394329;-114.0766702,51.0394296;-114.0761738,51.0394158;-114.0755575,51.0393986;-114.0749413,51.0393815;-114.0744609,51.0393681;-114.074325,51.0393643
Lanes (Alleys)||-114.0760449,51.0403674;-114.0759471,51.0403643;-114.0755976,51.0403533;-114.0751503,51.0403391;-114.0747031,51.040325;-114.0743928,51.0403152;-114.0742558,51.0403109
Lanes (Alleys)||-114.0755378,51.0413033;-114.0752014,51.041293;-114.074865,51.0412827;-114.0745287,51.0412724;-114.0743134,51.0412658;-114.0741923,51.041262
Lanes (Alleys)||-114.0765924,51.0422769;-114.0764639,51.0422734;-114.0759771,51.0422602;-114.0753617,51.0422434;-114.0747464,51.0422266;-114.0742646,51.0422135;-114.074131,51.0422098
Lanes (Alleys)||-114.0765251,51.0432261;-114.0763968,51.0432225;-114.0759084,51.0432089;-114.0752916,51.0431918;-114.0746749,51.0431746;-114.0742008,51.0431614;-114.0740581,51.0431574
Lanes (Alleys)||-114.0740581,51.0431574;-114.0739324,51.0431541;-114.0734172,51.0431403;-114.0727764,51.0431233;-114.0721356,51.0431062;-114.0716506,51.0430933;-114.0714947,51.0430891
Lanes (Alleys)||-114.074131,51.0422098;-114.0740069,51.0422065;-114.073472,51.0421924;-114.072813,51.042175;-114.0725755,51.0421687
Lanes (Alleys)||-114.0791237,51.0414013;-114.0789929,51.0413978;-114.078504,51.0413847;-114.0778843,51.041368;-114.0772646,51.0413513;-114.0767844,51.0413384;-114.076645,51.0413347
Lanes (Alleys)||-114.0765924,51.0422769;-114.0767288,51.0422809;-114.0772054,51.0422947;-114.0778183,51.0423125;-114.0784312,51.0423303;-114.0789246,51.0423446;-114.0790442,51.0423481
Lanes (Alleys)||-114.0765251,51.0432261;-114.0766484,51.0432296;-114.0771381,51.0432436;-114.0777511,51.043261;-114.078364,51.0432785;-114.0788608,51.0432926;-114.078977,51.0432959
Lanes (Alleys)||-114.0787919,51.0464684;-114.0786328,51.0464639;-114.0781652,51.0464507;-114.0775384,51.046433;-114.0769116,51.0464153;-114.0764207,51.0464014;-114.0762849,51.0463976
Lanes (Alleys)||-114.0762849,51.0463976;-114.0761945,51.0463952;-114.0756689,51.046381;-114.0750529,51.0463644;-114.074437,51.0463479;-114.0739681,51.0463352;-114.073821,51.0463313
Lanes (Alleys)||-114.0761458,51.0482859;-114.0760518,51.0482834;-114.0755391,51.04827;-114.0749324,51.0482542;-114.0743256,51.0482384;-114.0738368,51.0482257;-114.0737189,51.0482226
Lanes (Alleys)||-114.0726953,51.0481978;-114.0721621,51.0481811;-114.0719541,51.0481756;-114.0717799,51.0481709;-114.0716576,51.0481677;-114.071645,51.0481673;-114.0715775,51.0481655;-114.0714932,51.0481633
Lanes (Alleys)||-114.0787127,51.0474156;-114.078561,51.0474109;-114.0780892,51.0473963;-114.0774658,51.047377;-114.0768423,51.0473577;-114.0763512,51.0473515;-114.0762213,51.0473499
Lanes (Alleys)||-114.0786254,51.0483667;-114.0784942,51.0483616;-114.078014,51.048343;-114.0773913,51.048324;-114.0767685,51.0483049;-114.0762802,51.04829;-114.0761458,51.0482859
Lanes (Alleys)||-114.0736589,51.0491748;-114.0734937,51.0491701;-114.0731174,51.0491594;-114.0725759,51.0491441;-114.0720344,51.0491288;-114.0716777,51.0491187;-114.071493,51.0491135
Lanes (Alleys)||-114.0784969,51.0502614;-114.0783727,51.0502579;-114.077878,51.050244;-114.0772592,51.0502265;-114.0766403,51.050209;-114.0761642,51.0501955;-114.0760318,51.0501917
Lanes (Alleys)||-114.0760318,51.0501917;-114.0759049,51.0501881;-114.0754027,51.0501739;-114.074784,51.0501563;-114.0741652,51.0501387;-114.0736453,51.0501239;-114.0735465,51.0501211
Lanes (Alleys)||-114.0735465,51.0501211;-114.0734455,51.0501183;-114.0730424,51.0501073;-114.0725383,51.0500935;-114.0720342,51.0500797;-114.071664,51.0500695;-114.0715301,51.0500659
Lanes (Alleys)||-114.074325,51.0393643;-114.0742095,51.0393611;-114.0736194,51.0393446;-114.0729138,51.0393249;-114.0722081,51.0393052;-114.0716476,51.0392904;-114.071523,51.039287
Lanes (Alleys)||-114.0799866,51.055089;-114.0798993,51.0551412;-114.0795392,51.0553562;-114.0790919,51.0556233;-114.0786445,51.0558905;-114.0782931,51.0561003;-114.0781972,51.0561576
Lanes (Alleys)||-114.0558633,51.0539454;-114.055479,51.0539425;-114.0550946,51.0539396;-114.0547102,51.0539367;-114.0543415,51.0539338
Lanes (Alleys)||-114.0543415,51.0539338;-114.0542767,51.0539338;-114.0538547,51.0539333;-114.0533837,51.0539328;-114.0529126,51.0539323;-114.0524416,51.0539318
Lanes (Alleys)||-114.0524416,51.0539318;-114.0524437,51.0540444;-114.0524459,51.0541569;-114.052448,51.0542695;-114.0524485,51.054296;-114.0524501,51.054382
Lanes (Alleys)||-114.0558619,51.0543918;-114.0558621,51.0543447;-114.0558625,51.0542027;-114.0558633,51.0539454
Lanes (Alleys)||-114.054333,51.0548275;-114.0542709,51.0548273;-114.0538605,51.0548265;-114.0533879,51.0548255;-114.0529153,51.0548245;-114.0524427,51.0548235
Lanes (Alleys)||-114.0576266,51.0548457;-114.0574971,51.0548443;-114.0569459,51.0548384;-114.0562695,51.0548369;-114.0555931,51.0548355;-114.0549166,51.054834
Lanes (Alleys)||-114.0524427,51.0548235;-114.0524489,51.0544592;-114.0524501,51.054382
Lanes (Alleys)||-114.057641,51.0557315;-114.0575004,51.0557308;-114.0568129,51.0557277;-114.0559849,51.055724;-114.0551568,51.0557203;-114.0543288,51.0557166
Lanes (Alleys)||-114.0543288,51.0557166;-114.0542663,51.0557166;-114.0539403,51.0557165;-114.0535518,51.0557165;-114.0531633,51.0557164;-114.0527748,51.0557164
Lanes (Alleys)||-114.0524416,51.0539318;-114.052441,51.0535663;-114.0524409,51.0534853
Lanes (Alleys)||-114.0558633,51.0539454;-114.0562974,51.0539471;-114.0567314,51.0539487;-114.0571766,51.0539506;-114.057495,51.0539519;-114.0576218,51.0539525
Lanes (Alleys)||-114.0450354,51.053267;-114.0450352,51.0533394;-114.0450341,51.053618;-114.0450329,51.0539689;-114.0450316,51.0543198;-114.0450306,51.0545886;-114.0450303,51.0546708
Lanes (Alleys)||-114.0437053,51.0532654;-114.043705,51.0533371;-114.0437039,51.0536161;-114.0437025,51.0539667;-114.0437012,51.0543174;-114.0437002,51.0545848;-114.0436998,51.0546681
Lanes (Alleys)||-114.0423706,51.0532609;-114.0423706,51.0533332;-114.0423706,51.0536116;-114.0423706,51.0539622;-114.0423706,51.0543129;-114.0423706,51.0545816;-114.0423707,51.0546635
Lanes (Alleys)||-114.0410424,51.0532577;-114.0410422,51.0533298;-114.0410418,51.0536074;-114.0410412,51.053957;-114.0410406,51.0543066;-114.0410402,51.0545783;-114.04104,51.0546562
Lanes (Alleys)||-114.0397164,51.0532533;-114.039716,51.0533351;-114.0397147,51.0536044;-114.039713,51.0539556;-114.0397113,51.0543068;-114.03971,51.0545753;-114.0397096,51.054658
Lanes (Alleys)||-114.0463602,51.0546768;-114.0463602,51.0545916;-114.0463602,51.0543251;-114.0463603,51.0539734;-114.0463603,51.0536217;-114.0463604,51.0533515;-114.0463604,51.05327
Lanes (Alleys)||-114.0476901,51.0551074;-114.0476908,51.0553506;-114.0476914,51.0555939;-114.0476921,51.0558372;-114.0476925,51.0559981;-114.0476927,51.0560804
Lanes (Alleys)||-114.0476901,51.0551074;-114.0471534,51.0551057;-114.0470277,51.0551053
Lanes (Alleys)||-114.0476901,51.0551074;-114.048229,51.0551091;-114.0483583,51.0551095
Residential Street|ADELAIDE ST SE|B|-114.0404156,51.0419743;-114.040099,51.0417662;-114.0398673,51.0416172;-114.0396633,51.0414577;-114.0395431,51.0413374
Lanes (Alleys)||-114.0500038,51.0539465;-114.0490198,51.053949;-114.0490108,51.0533544;-114.0490097,51.0532788
Collector|MACDONALD AV SE|B|-114.043028,51.0411646;-114.0428006,51.0411804
Arterial Street|9 AV SE|FT|-114.0581927,51.0444777;-114.0580543,51.0444738;-114.0579751,51.0444716;-114.0575757,51.0444602;-114.0569587,51.0444427;-114.0563417,51.0444252;-114.0558658,51.0444117;-114.0557247,51.0444077
Arterial Street|9 AV SE|FT|-114.0606511,51.0445475;-114.0605218,51.0445438;-114.0600365,51.04453;-114.0594219,51.0445126;-114.0588073,51.0444952;-114.0583298,51.0444816;-114.0581927,51.0444777
Arterial Street|9 AV SE|FT|-114.0630836,51.0446164;-114.0629605,51.044613;-114.0624755,51.0445992;-114.0618674,51.044582;-114.0612593,51.0445647;-114.0608047,51.0445518;-114.0606511,51.0445475
Arterial Street|12 AV SE|FT|-114.0633119,51.0414334;-114.0632089,51.0414305;-114.0627039,51.0414162;-114.0620958,51.0413989;-114.0614877,51.0413816;-114.0610025,51.0413678;-114.0608796,51.0413643
Arterial Street|12 AV SE|FT|-114.0608796,51.0413643;-114.0607151,51.0413596;-114.0602653,51.0413469;-114.0596511,51.0413294;-114.0590368,51.041312;-114.0585518,51.0412974;-114.0584187,51.0412934
Arterial Street|1 ST SE|FT|-114.0603813,51.0483262;-114.0603885,51.0482255;-114.0603981,51.0480903;-114.060415,51.0478545;-114.0604318,51.0476186;-114.0604422,51.0474728;-114.0604486,51.0473828
Arterial Street|MACLEOD TR SE|FT|-114.0579226,51.0482564;-114.0579157,51.0483531;-114.0579059,51.0484915;-114.0578892,51.0487266;-114.0578725,51.0489617;-114.057863,51.0490943;-114.0578558,51.0491968
Arterial Street|9 AV SW|FT|-114.0655841,51.0446873;-114.0654429,51.0446833;-114.064959,51.0446696;-114.0643339,51.0446519;-114.0637088,51.0446342;-114.0632419,51.0446209;-114.0630836,51.0446164
Arterial Street|11 AV SW|FT|-114.0657424,51.042468;-114.0658688,51.0424716;-114.0663586,51.0424855;-114.0669749,51.042503;-114.0675911,51.0425205;-114.0680536,51.0425336;-114.0682073,51.042538
Arterial Street|12 AV SW|FT|-114.0682771,51.0415745;-114.0681196,51.04157;-114.0676609,51.041557;-114.0670447,51.0415395;-114.0664285,51.041522;-114.065934,51.0415062;-114.0657965,51.0415019
Arterial Street|11 AV SW|FT|-114.063242,51.0423969;-114.063393,51.0424012;-114.0638671,51.0424147;-114.0644922,51.0424324;-114.0651173,51.0424502;-114.0655739,51.0424632;-114.0657424,51.042468
Arterial Street|12 AV SW|FT|-114.0657965,51.0415019;-114.0656549,51.0414983;-114.0651872,51.0414867;-114.0645621,51.041469;-114.063937,51.0414512;-114.0634644,51.0414378;-114.0633119,51.0414334
Arterial Street|4 AV SW|FT|-114.0652476,51.0494063;-114.0653738,51.04941;-114.0658601,51.049424;-114.0664726,51.0494417;-114.0670851,51.0494594;-114.0675439,51.0494726;-114.0676028,51.0494743;-114.0676976,51.0494771
Arterial Street|5 AV SW|FT|-114.0677799,51.0485357;-114.0676707,51.0485326;-114.0676048,51.0485308;-114.0671636,51.0485183;-114.0665473,51.0485009;-114.065931,51.0484834;-114.0654526,51.0484699;-114.0653146,51.048466
Arterial Street|6 AV SW|FT|-114.0653633,51.0475371;-114.065513,51.0475404;-114.0659842,51.0475509;-114.0666052,51.0475647;-114.0672262,51.0475785;-114.0676811,51.0475886;-114.0677386,51.0475899;-114.0678472,51.0475923
Arterial Street|CENTRE ST S|B|-114.0627468,51.0493355;-114.0627529,51.0492499;-114.0627636,51.0491004;-114.0627804,51.0488653;-114.0627972,51.0486302;-114.0628077,51.0484829;-114.062814,51.0483951
Arterial Street|CENTRE ST S|B|-114.0626989,51.0502894;-114.0627039,51.0501905;-114.0627109,51.0500509;-114.0627229,51.0498124;-114.0627349,51.049574;-114.0627417,51.0494371;-114.0627468,51.0493355
Arterial Street|CENTRE ST S|B|-114.0626385,51.0512335;-114.0626433,51.0511586;-114.0626536,51.0509975;-114.0626687,51.0507614;-114.0626838,51.0505254;-114.0626942,51.0503625;-114.0626989,51.0502894
Arterial Street|4 AV SW|FT|-114.0627468,51.0493355;-114.0629376,51.0493409;-114.063372,51.0493532;-114.0639972,51.0493709;-114.0646224,51.0493886;-114.0650671,51.0494012;-114.0652476,51.0494063
Arterial Street|4 AV SE|FT|-114.0603145,51.0492665;-114.0604926,51.0492716;-114.0609226,51.0492838;-114.0615306,51.049301;-114.0621387,51.0493183;-114.0626347,51.0493323;-114.0627468,51.0493355
Arterial Street|5 AV SW|FT|-114.0653146,51.048466;-114.0651289,51.0484607;-114.0646895,51.0484483;-114.0640643,51.0484305;-114.0634391,51.0484128;-114.0630142,51.0484008;-114.062814,51.0483951
Arterial Street|6 AV SW|FT|-114.0635725,51.0474713;-114.0640202,51.0474878;-114.0644679,51.0475042;-114.0649156,51.0475207;-114.0652197,51.0475318;-114.0653633,51.0475371
Arterial Street|5 AV SE|FT|-114.062814,51.0483951;-114.0626922,51.0483917;-114.0622058,51.0483779;-114.0615976,51.0483607;-114.0609894,51.0483434;-114.06053,51.0483304;-114.0603813,51.0483262
Arterial Street|5 AV SE|FT|-114.0603813,51.0483262;-114.060223,51.0483217;-114.0597666,51.0483087;-114.0591519,51.0482913;-114.0585373,51.0482738;-114.0580791,51.0482608;-114.0579226,51.0482564
Arterial Street|4 AV SE|FT|-114.0578558,51.0491968;-114.0580106,51.0492012;-114.0584704,51.0492142;-114.0590851,51.0492317;-114.0596998,51.0492491;-114.0601422,51.0492617;-114.0603145,51.0492665
Arterial Street|6 AV SE|FT|-114.05799,51.047313;-114.0581413,51.0473173;-114.0586047,51.0473304;-114.0592193,51.0473479;-114.059834,51.0473653;-114.0602764,51.0473779;-114.0604486,51.0473828
Arterial Street|11 AV SE|FT|-114.060811,51.0423095;-114.0609344,51.0423167;-114.0614177,51.042345;-114.0620258,51.0423623;-114.0626339,51.0423796;-114.0631432,51.0423941;-114.063242,51.0423969
Arterial Street|11 AV SE|FT|-114.0583517,51.0422401;-114.0584822,51.0422439;-114.0587016,51.0422504;-114.0590254,51.0422588;-114.0593756,51.0422693;-114.0596563,51.0422784;-114.0601957,51.0422934;-114.0603587,51.0422973;-114.0606605,51.0423057;-114.0606836,51.0423064;-114.060811,51.0423095
Arterial Street|11 AV SE|B|-114.0534635,51.0420971;-114.0535929,51.0421013;-114.0536753,51.042104;-114.0538901,51.0421106;-114.0541082,51.0421166;-114.0543548,51.0421247;-114.0546977,51.0421348;-114.0549296,51.042142;-114.0551373,51.0421483;-114.0554531,51.0421574;-114.0556489,51.0421637;-114.0557769,51.0421677;-114.0558168,51.042169;-114.0558988,51.0421706
Urban Boulevard|1 ST SE|FT|-114.0607429,51.0432621;-114.0607482,51.0431977;-114.0607503,51.0431718;-114.0607528,51.0431415;-114.0607627,51.0430209;-114.0607726,51.0429004;-114.0607824,51.0427798
Urban Boulevard|1 ST SE|FT|-114.060811,51.0423095;-114.0608177,51.0422174;-114.0608272,51.0420869;-114.0608446,51.041846;-114.0608621,51.0416051;-114.0608726,51.0414618;-114.0608796,51.0413643
Urban Boulevard|1 ST SE|FT|-114.0610165,51.0394799;-114.0610228,51.0393924;-114.0610338,51.0392414;-114.0610511,51.0390029;-114.0610684,51.0387643;-114.0610801,51.0386031;-114.0610857,51.0385258
Urban Boulevard|1 ST SE|FT|-114.0609481,51.0404221;-114.0609544,51.0403349;-114.0609652,51.0401865;-114.0609823,51.039951;-114.0609994,51.0397154;-114.0610117,51.0395454;-114.0610165,51.0394799
Urban Boulevard|1 ST SE|FT|-114.0608796,51.0413643;-114.0608859,51.0412777;-114.0608967,51.0411287;-114.0609138,51.0408932;-114.0609309,51.0406576;-114.060943,51.0404915;-114.0609481,51.0404221
Urban Boulevard|MACLEOD TR SE|FT|-114.0583189,51.0427134;-114.0583077,51.0428795;-114.0583008,51.0430025;-114.0582915,51.0431076;-114.0582901,51.0431233;-114.05829,51.0431243;-114.058286,51.0431881
Urban Boulevard|MACLEOD TR SE|FT|-114.0584187,51.0412934;-114.0584126,51.041373;-114.058403,51.0414976;-114.0583893,51.0416919;-114.0583785,51.04188;-114.0583618,51.0421071;-114.0583576,51.042159;-114.0583549,51.0421936;-114.0583517,51.0422401
Urban Boulevard|MACLEOD TR SE|FT|-114.0585598,51.0394046;-114.0585426,51.0396415;-114.0585254,51.0398785;-114.0585082,51.0401154;-114.0584974,51.040264;-114.0584909,51.0403524
Urban Boulevard|MACLEOD TR SE|FT|-114.0584909,51.0403524;-114.0584853,51.0404307;-114.0584738,51.0405879;-114.0584567,51.0408235;-114.0584396,51.041059;-114.0584258,51.0412135;-114.0584187,51.0412934
Urban Boulevard|1 ST SE|FT|-114.0607824,51.0427798;-114.0607893,51.0426668;-114.0607961,51.0425538;-114.0608029,51.0424407;-114.0608058,51.0423928;-114.060811,51.0423095
Urban Boulevard|MACLEOD TR SE|FT|-114.0583517,51.0422401;-114.0583463,51.0423181;-114.0583401,51.0424075;-114.0583313,51.0425394;-114.0583254,51.0426302;-114.0583189,51.0427134
Arterial Street|6 AV SW|FT|-114.0628813,51.0474517;-114.0630183,51.0474556;-114.0635725,51.0474713
Arterial Street|11 AV SW|FT|-114.0740932,51.042704;-114.0742371,51.0427081;-114.0747058,51.0427215;-114.0753184,51.042739;-114.0759309,51.0427564;-114.0764358,51.0427708;-114.0765435,51.0427739
Arterial Street|11 AV SW|FT|-114.0765435,51.0427739;-114.0767018,51.0427783;-114.0771622,51.0427912;-114.0777809,51.0428086;-114.0783997,51.0428259;-114.0789113,51.0428402;-114.0790184,51.0428432
Arterial Street|12 AV SW|FT|-114.0790865,51.0418781;-114.0789573,51.0418745;-114.0784678,51.0418608;-114.077849,51.0418436;-114.0772303,51.0418263;-114.0767309,51.0418123;-114.0766116,51.041809
Arterial Street|5 ST SW|FT|-114.0740581,51.0431574;-114.0740669,51.0430441;-114.0740756,51.0429307;-114.0740843,51.0428186;-114.0740844,51.0428174;-114.0740871,51.0427833;-114.0740932,51.042704
Arterial Street|5 ST SW|FT|-114.074131,51.0422098;-114.0741385,51.0420925;-114.074146,51.0419752;-114.0741534,51.0418578;-114.074155,51.0418341;-114.0741609,51.0417405
Arterial Street|5 ST SW|FT|-114.0741923,51.041262;-114.0742011,51.0411461;-114.0742098,51.0410301;-114.0742186,51.0409142;-114.074222,51.0408689;-114.0742273,51.0407982
Arterial Street|5 ST SW|FT|-114.0742558,51.0403109;-114.074266,51.0401894;-114.0742762,51.0400679;-114.0742864,51.0399464;-114.0742894,51.039911;-114.0742967,51.039825
Arterial Street|5 ST SW|FT|-114.074325,51.0393643;-114.074334,51.0392486;-114.074343,51.039133;-114.0743519,51.0390174;-114.0743552,51.0389754;-114.0743609,51.0389017
Arterial Street|5 ST SW|FT|-114.0736927,51.0487023;-114.0736991,51.048584;-114.0736992,51.0485824;-114.0737058,51.0484624;-114.0737123,51.0483425;-114.0737189,51.0482226
Arterial Street|5 ST SW|FT|-114.0735893,51.0496411;-114.0736024,51.0495535;-114.0736067,51.0495245;-114.0736241,51.0494079;-114.0736415,51.0492914;-114.0736589,51.0491748
Arterial Street|4 AV SW|FT|-114.0735893,51.0496411;-114.07373,51.0496451;-114.0738872,51.0496497;-114.074185,51.0496583;-114.0744828,51.0496669;-114.0747806,51.0496755
Arterial Street|4 AV SW|FT|-114.0760652,51.049718;-114.076219,51.0497224;-114.0767168,51.0497365;-114.0773683,51.049755;-114.0779462,51.0497714;-114.0783795,51.0497837;-114.0785242,51.0497879
Arterial Street|5 AV SW|FT|-114.0761218,51.0487702;-114.0759904,51.0487666;-114.0755146,51.0487533;-114.0749073,51.0487363;-114.0743,51.0487193;-114.0738171,51.0487058;-114.0736927,51.0487023
Arterial Street|5 AV SW|FT|-114.0785917,51.0488402;-114.0784313,51.0488356;-114.0780535,51.0488249;-114.0775153,51.0488095;-114.0768186,51.0487899;-114.07628,51.0487747;-114.0761218,51.0487702
Arterial Street|6 AV SW|FT|-114.0737602,51.0477589;-114.0738887,51.0477625;-114.0743675,51.0477762;-114.0749749,51.0477934;-114.0755822,51.0478107;-114.0760805,51.0478249;-114.0761895,51.047828
Arterial Street|6 AV SW|FT|-114.0761895,51.047828;-114.0763255,51.0478319;-114.0768119,51.0478457;-114.0774343,51.0478635;-114.0780567,51.0478813;-114.0785231,51.0478946;-114.0786791,51.047899
Arterial Street|5 ST SW|FT|-114.0743609,51.0389017;-114.0743648,51.0388562;-114.0743679,51.0388168;-114.0743679,51.0388159;-114.074377,51.0387071;-114.0743819,51.0386469;-114.0743894,51.038555;-114.0743953,51.0384829;-114.0743985,51.0384451;-114.0743994,51.0384228
Arterial Street|5 ST SW|FT|-114.0742967,51.039825;-114.0743007,51.03976;-114.0743037,51.0397098;-114.0743108,51.0395946;-114.0743179,51.0394795;-114.074325,51.0393643
Arterial Street|5 ST SW|FT|-114.0742273,51.0407982;-114.0742323,51.0407135;-114.0742344,51.0406764;-114.0742416,51.0405545;-114.0742487,51.0404327;-114.0742558,51.0403109
Arterial Street|5 ST SW|FT|-114.0741609,51.0417405;-114.0741674,51.0416416;-114.0741688,51.0416209;-114.0741766,51.0415013;-114.0741845,51.0413817;-114.0741923,51.041262
Arterial Street|5 ST SW|FT|-114.0740932,51.042704;-114.0741004,51.0426102;-114.0741027,51.0425805;-114.0741121,51.0424569;-114.0741216,51.0423334;-114.074131,51.0422098
Arterial Street|5 ST SW|FT|-114.0740262,51.0436375;-114.0740315,51.0435575;-114.0740339,51.0435222;-114.0740342,51.0435175;-114.0740422,51.0433974;-114.0740501,51.0432774;-114.0740581,51.0431574
Arterial Street|5 ST SW|FT|-114.073821,51.0463313;-114.07384,51.0462099;-114.0738591,51.0460886;-114.0738781,51.0459673;-114.0738807,51.0459504;-114.0738971,51.0458459
Arterial Street|5 ST SW|FT|-114.0737189,51.0482226;-114.0737292,51.0481067;-114.0737395,51.0479907;-114.0737499,51.0478748;-114.0737516,51.0478556;-114.0737602,51.0477589
Arterial Street|5 ST SW|FT|-114.0736589,51.0491748;-114.0736673,51.0490567;-114.0736758,51.0489385;-114.0736842,51.0488204;-114.0736856,51.0488016;-114.0736927,51.0487023
Arterial Street|5 ST SW|B|-114.0735465,51.0501211;-114.0735572,51.0500011;-114.0735679,51.0498811;-114.0735786,51.0497611;-114.0735815,51.0497286;-114.0735893,51.0496411
Arterial Street|4 AV SW|FT|-114.0747806,51.0496755;-114.0754622,51.0497009;-114.0759349,51.0497143;-114.0760652,51.049718
