Urban Boulevard|EDMONTON TR NE|B|-114.0524085,51.0556474;-114.0525722,51.055776;-114.0527359,51.0559046;-114.0528996,51.0560332;-114.0530633,51.0561618
Neighbourhood Boulevard|17 AV SW|B|-114.0783108,51.0378187;-114.0785762,51.037819;-114.0788416,51.0378192;-114.079107,51.0378194;-114.0792232,51.0378195;-114.0793724,51.0378196
Neighbourhood Boulevard|17 AV SW|B|-114.0768823,51.0378176;-114.077021,51.0378177;-114.0772394,51.0378179;-114.0775965,51.0378182;-114.0779537,51.0378184;-114.0783108,51.0378187
Neighbourhood Boulevard|17 AV SW|B|-114.0755821,51.0378278;-114.0759072,51.0378252;-114.0762322,51.0378227;-114.0765572,51.0378201;-114.0767998,51.0378182;-114.0768823,51.0378176
Neighbourhood Boulevard|17 AV SW|B|-114.0748898,51.0378323;-114.0755821,51.0378278
Neighbourhood Boulevard|17 AV SW|B|-114.0714963,51.0378373;-114.0716545,51.0378373;-114.0721732,51.0378372;-114.07285,51.0378371;-114.0735268,51.0378369;-114.0741189,51.0378368;-114.0742037,51.0378368
Neighbourhood Boulevard|17 AV SW|B|-114.068514,51.037838;-114.0686484,51.037838;-114.0692596,51.0378378;-114.0700052,51.0378377;-114.0707507,51.0378375;-114.071391,51.0378373;-114.0714963,51.0378373
Neighbourhood Boulevard|17 AV SW|B|-114.0660781,51.0378385;-114.0661736,51.0378385;-114.0666871,51.0378384;-114.067296,51.0378383;-114.067905,51.0378381;-114.0683593,51.037838;-114.068514,51.037838
Neighbourhood Boulevard|17 AV SE|B|-114.0635728,51.037839;-114.0634559,51.037839;-114.0629635,51.0378391;-114.0623542,51.0378392;-114.0617449,51.0378393;-114.0612662,51.0378394;-114.0611356,51.0378394
Neighbourhood Boulevard|4 ST SW|B|-114.0714962,51.03834;-114.0714962,51.0382143;-114.0714962,51.0380887;-114.0714963,51.037963;-114.0714963,51.037932;-114.0714963,51.0378373
Arterial Street|17 AV SE|B|-114.0611356,51.0378394;-114.0609933,51.0378394;-114.0605201,51.0378395;-114.0599046,51.0378396;-114.059289,51.0378397;-114.0588652,51.0378397;-114.0586735,51.0378397
Urban Boulevard|1 ST SE|FT|-114.0610857,51.0385258;-114.0610918,51.0384422;-114.0610982,51.0383542;-114.0611107,51.0381826;-114.0611231,51.038011;-114.0611299,51.0379179;-114.0611356,51.0378394
Arterial Street|11 AV SW|FT|-114.0682073,51.042538;-114.0683064,51.0425408;-114.0690292,51.0425613;-114.0698511,51.0425846;-114.070673,51.0426079;-114.0713873,51.0426282;-114.0714948,51.0426312
Arterial Street|11 AV SW|FT|-114.0714948,51.0426312;-114.0716604,51.0426359;-114.0721444,51.0426494;-114.072794,51.0426676;-114.0734436,51.0426858;-114.0739533,51.0427001;-114.0740932,51.042704
Arterial Street|12 AV SW|FT|-114.0714951,51.0416658;-114.07138,51.0416625;-114.0706906,51.041643;-114.0698861,51.0416202;-114.0690816,51.0415973;-114.068378,51.0415774;-114.0682771,51.0415745
Arterial Street|4 ST SW|FT|-114.0714948,51.0426312;-114.0714948,51.042693;-114.0714948,51.0427457;-114.0714948,51.0428602;-114.0714947,51.0429747;-114.0714947,51.0430891
Neighbourhood Boulevard|4 ST SW|B|-114.0715215,51.0402397;-114.0715211,51.0399874;-114.0715217,51.0398443;-114.0715221,51.0397536
Neighbourhood Boulevard|4 ST SW|B|-114.071523,51.039287;-114.0715009,51.0391695;-114.0714993,51.0390535;-114.0714976,51.0389375;-114.0714969,51.0388853;-114.071496,51.0388215
Arterial Street|4 ST SW|FT|-114.0715308,51.0457954;-114.0715278,51.0458694;-114.071496,51.0466319;-114.0714922,51.046722;-114.0714913,51.0467451
Arterial Street|4 ST SW|FT|-114.0714935,51.047214;-114.0714935,51.0473343;-114.0714934,51.0474547;-114.0714934,51.0475751;-114.0714934,51.0475836;-114.0714934,51.0476954
Arterial Street|4 ST SW|FT|-114.0714932,51.0481633;-114.0714932,51.0482826;-114.0714932,51.048402;-114.0714931,51.0485213;-114.0714931,51.0485368;-114.0714931,51.0486407
Arterial Street|4 ST SW|FT|-114.071493,51.0491135;-114.0715013,51.0492349;-114.0715095,51.0493564;-114.0715178,51.0494778;-114.0715193,51.049499;-114.0715261,51.0495992
Arterial Street|4 AV SW|FT|-114.0715261,51.0495992;-114.0716603,51.049602;-114.0720419,51.0496097;-114.0725577,51.0496202;-114.0730735,51.0496306;-114.0734433,51.0496381;-114.0735893,51.0496411
Arterial Street|5 AV SW|FT|-114.0736927,51.0487023;-114.0735136,51.0486973;-114.0731428,51.0486869;-114.0725929,51.0486715;-114.072043,51.0486561;-114.0716951,51.0486464;-114.0714931,51.0486407
Arterial Street|6 AV SW|FT|-114.0714934,51.0476954;-114.0716741,51.0477005;-114.0720601,51.0477113;-114.0726268,51.0477272;-114.0731935,51.047743;-114.0735881,51.0477541;-114.0737602,51.0477589
Neighbourhood Boulevard|4 ST SW|B|-114.0715221,51.0397536;-114.071522,51.0396861;-114.0715218,51.0395011;-114.071523,51.039287
Neighbourhood Boulevard|4 ST SW|B|-114.071496,51.0388215;-114.071496,51.0387426;-114.0714961,51.0387011;-114.0714961,51.0385808;-114.0714961,51.0384604;-114.0714962,51.03834
Neighbourhood Boulevard|4 ST SW|B|-114.0714954,51.0407217;-114.0714954,51.0406341;-114.0714955,51.040601;-114.0714955,51.0404803;-114.0714955,51.0403596;-114.0715215,51.0402397
Arterial Street|4 ST SW|FT|-114.0714934,51.0476954;-114.0714934,51.0477869;-114.0714933,51.0478124;-114.0714933,51.0479293;-114.0714933,51.0480463;-114.0714932,51.0481633
Arterial Street|4 ST SW|FT|-114.0714931,51.0486407;-114.0714931,51.0487412;-114.0714931,51.0487589;-114.071493,51.0488771;-114.071493,51.0489953;-114.071493,51.0491135
Arterial Street|5 ST SW|B|-114.0735357,51.0506023;-114.0735232,51.0505076;-114.0735236,51.0505018;-114.0735465,51.0501211
Arterial Street|4 ST SW|B|-114.0715301,51.0500659;-114.0715291,51.0499492;-114.0715281,51.0498326;-114.0715271,51.0497159;-114.0715269,51.0496949;-114.0715261,51.0495992
Arterial Street|4 ST SW|B|-114.0715341,51.0505382;-114.0715332,51.0504268;-114.0715331,51.0504201;-114.0715321,51.050302;-114.0715311,51.0501839;-114.0715301,51.0500659
Arterial Street|1 ST SE|FT|-114.0604823,51.0469207;-114.0605102,51.0465198;-114.0605162,51.0464337;-114.0605175,51.0464152
Arterial Street|CENTRE ST S|B|-114.0628595,51.0477571;-114.0628748,51.0475419;-114.0628813,51.0474517
Arterial Street|CENTRE ST S|B|-114.062814,51.0483951;-114.0628229,51.0482701;-114.0628253,51.0482356;-114.0628367,51.0480761;-114.0628481,51.0479166;-114.0628595,51.0477571
Urban Boulevard|MACLEOD TR SE|FT|-114.0586735,51.0378397;-114.0586643,51.0379662;-114.0586623,51.0379938;-114.0586511,51.0381479;-114.0586399,51.038302;-114.0586301,51.0384378
Residential Street||B|-114.0442106,51.05006;-114.0443203,51.0500579;-114.0445385,51.0500538;-114.0446208,51.0500662;-114.0452385,51.0500728;-114.045773,51.0499902;-114.0462569,51.04996;-114.046515,51.0499536
Residential Street||B|-114.071533,51.0524791;-114.0713692,51.0524797;-114.0713672,51.0524804;-114.071339,51.0524898;-114.0713177,51.0525077;-114.0713071,51.0525335;-114.0712917,51.0529347 / -114.0718109,51.0529456;-114.071827,51.0525439;-114.0718292,51.0524874
Residential Street||B|-114.071533,51.0524791;-114.0713748,51.0524199;-114.0713371,51.0524058;-114.0710953,51.0523981
Collector|8 ST SE|B|-114.0419279,51.042602;-114.0421135,51.0422938;-114.0419546,51.0413156;-114.0419423,51.0412399
Residential Street|BELLEVUE AV SE|B|-114.0442546,51.0388157;-114.0442906,51.0387466;-114.0443182,51.0386937
Residential Street|BELLEVUE AV SE|B|-114.043028,51.0411646;-114.0430706,51.041083;-114.0433347,51.0405774;-114.0436413,51.0399901;-114.043948,51.0394029;-114.0442546,51.0388157
Residential Street|6A ST NE|B|-114.0470372,51.050814;-114.0470372,51.0508962;-114.0470373,51.0509776;-114.0470375,51.0511412;-114.0470377,51.0513049;-114.0470378,51.0514685
Residential Street|MCDOUGALL RD NE|B|-114.0470372,51.050814;-114.0467963,51.050814;-114.0465159,51.0508142
Residential Street|MCDOUGALL RD NE|B|-114.0465159,51.0508142;-114.04631,51.0508142;-114.0461041,51.0508143;-114.0458982,51.0508144;-114.0456964,51.0508153
Residential Street|7A ST NE|B|-114.0442104,51.0495124;-114.0442101,51.0499331
Residential Street|11 AV SE|B|-114.0409365,51.0402179;-114.0407304,51.0402305;-114.0405244,51.0402432;-114.0403184,51.0402559;-114.0402342,51.040261;-114.0401123,51.0402685
Residential Street|11 AV SE|FT|-114.0426255,51.0401086;-114.0425294,51.0400823;-114.0425055,51.0400763;-114.0424781,51.0400718;-114.0424495,51.0400696;-114.0424257,51.0400696;-114.0419466,51.0400976;-114.0419181,51.040104;-114.0419132,51.0401051;-114.0418906,51.0401141;-114.0417866,51.040162
Residential Street|MAGGIE ST SE|FT|-114.0426255,51.0401086;-114.0426132,51.0400348;-114.0425629,51.0397335;-114.0425004,51.0393584;-114.0424379,51.0389833;-114.0423754,51.0386082
Residential Street|BISON PH SE|B|-114.0442546,51.0388157;-114.0441556,51.0387434;-114.0436964,51.0384078;-114.0436385,51.0383759;-114.0435805,51.0383531;-114.0434984,51.0383227;-114.043438,51.0383044;-114.0433679,51.0382877;-114.043281,51.0382725;-114.0431796,51.0382619;-114.0430999,51.0382619;-114.042984,51.0382817;-114.0429285,51.0383;-114.042861,51.0383336;-114.0424295,51.0385776;-114.0423754,51.0386082
Collector|8 ST SE|B|-114.0419423,51.0412399;-114.041931,51.0411617;-114.0419034,51.0409704;-114.0418645,51.0407009;-114.0418255,51.0404314;-114.0417989,51.0402473;-114.0417866,51.040162
Residential Street|8 ST SE|B|-114.0409736,51.0441803;-114.0410196,51.0441045;-114.0410221,51.0441003;-114.0410949,51.0439796;-114.0411774,51.0438423;-114.0412106,51.0437885;-114.0412276,51.043759
Residential Street|MAGGIE ST SE|B|-114.0428954,51.0418674;-114.0428717,51.0416957;-114.042848,51.0415239;-114.0428243,51.0413521;-114.0428118,51.0412615;-114.0428006,51.0411804
Residential Street|MAGGIE ST SE|FT|-114.0428006,51.0411804;-114.0427887,51.0411075;-114.0427568,51.0409124;-114.042713,51.0406445;-114.0426692,51.0403765;-114.0426255,51.0401086
Collector|MACDONALD AV SE|B|-114.0428006,51.0411804;-114.0425861,51.0411953;-114.0423715,51.0412101;-114.0421569,51.041225;-114.0420598,51.0412317;-114.0419423,51.0412399
Residential Street|8 ST SE|B|-114.0412276,51.043759;-114.0412741,51.0436808;-114.0413156,51.043614;-114.0413627,51.0435345;-114.0414123,51.043455;-114.0414318,51.0434227;-114.0414513,51.0433904;-114.0414811,51.0433387
Residential Street|SALISBURY AV SE|B|-114.0448469,51.0387983;-114.0444321,51.0387162;-114.0443182,51.0386937
Residential Street|11 AV SE|B|-114.0417866,51.040162;-114.0416314,51.0401722;-114.041574,51.0401759;-114.0413615,51.0401899;-114.041149,51.0402039;-114.0409365,51.0402179
Residential Street|MCDOUGALL CO NE|B|-114.046515,51.0499536;-114.0465155,51.0504018
Residential Street|MCPHERSON RD NE|B|-114.0442101,51.0499331;-114.0440698,51.0499331;-114.043574,51.0499333
Residential Street|13 AV SW|B|-114.0658579,51.0405529;-114.0660161,51.0405595;-114.0664968,51.0405798;-114.067113,51.0405973;-114.0677292,51.0406148;-114.068183,51.0406277;-114.0683454,51.0406323
Residential Street|13 AV SW|B|-114.0633973,51.0404794;-114.0635384,51.0404837;-114.064716,51.0405199;-114.0657059,51.0405485;-114.0658579,51.0405529
Residential Street|13 AV SE|B|-114.0633973,51.0404794;-114.0632624,51.0404782;-114.0627723,51.040474;-114.0621642,51.0404567;-114.0615561,51.0404394;-114.0611359,51.0404274;-114.0610693,51.0404255;-114.0609481,51.0404221
Residential Street|14 AV SW|FT|-114.0659325,51.0396029;-114.066064,51.0396069;-114.0668632,51.0396308;-114.0682552,51.0396712;-114.0683832,51.0396749
Residential Street|14 AV SE|FT|-114.0610165,51.0394799;-114.0611532,51.0394838;-114.0616245,51.0394972;-114.0622326,51.0395145;-114.0628406,51.0395318;-114.0633447,51.0395352;-114.0634702,51.039536
Residential Street|15 AV SW|FT|-114.0684583,51.0387353;-114.068326,51.0387316;-114.0678482,51.038718;-114.0672382,51.0387007;-114.0666281,51.0386834;-114.0661615,51.0386701;-114.0660181,51.038666
Residential Street|15 AV SW|FT|-114.0660181,51.038666;-114.0658606,51.0386616;-114.0653931,51.0386483;-114.064768,51.0386305;-114.064143,51.0386128;-114.0636597,51.038599;-114.0635179,51.038595
Residential Street|15 AV SE|FT|-114.0635179,51.038595;-114.0634168,51.0385921;-114.0629099,51.0385777;-114.0623018,51.0385604;-114.0616938,51.0385431;-114.0612042,51.0385292;-114.0610857,51.0385258
Residential Street|2 ST SW|B|-114.0683832,51.0396749;-114.0683893,51.0395986;-114.0684537,51.0387931;-114.0684583,51.0387353
Residential Street|2 ST SW|B|-114.0683454,51.0406323;-114.0683462,51.0405394;-114.0683493,51.0401669;-114.0683775,51.0397579;-114.0683832,51.0396749
Residential Street|2 ST SW|B|-114.0682771,51.0415745;-114.0682831,51.0414918;-114.0682942,51.0413389;-114.0683113,51.0411034;-114.0683284,51.0408678;-114.0683398,51.0407098;-114.0683454,51.0406323
Residential Street|2 ST SW|B|-114.0682073,51.042538;-114.0682146,51.0424378;-114.0682248,51.0422971;-114.0682422,51.0420562;-114.0682597,51.0418154;-114.0682711,51.0416581;-114.0682771,51.0415745
Urban Boulevard|1 ST SW|FT|-114.0659325,51.0396029;-114.0659597,51.0395271;-114.0659637,51.0395159;-114.0659918,51.0393611;-114.0660242,51.038861;-114.0660193,51.0387583;-114.0660192,51.0387512;-114.0660181,51.038666
Urban Boulevard|CENTRE ST S|B|-114.0634702,51.039536;-114.0634753,51.0394556;-114.0635005,51.0390563;-114.0635151,51.0386705;-114.0635179,51.038595
Urban Boulevard|CENTRE ST S|B|-114.0633973,51.0404794;-114.0634026,51.040405;-114.0634356,51.03994;-114.0634633,51.0396174;-114.0634702,51.039536
Residential Street|3 ST SE|B|-114.0558988,51.0421706;-114.0559051,51.0420871;-114.0559064,51.0420695;-114.0559148,51.0419602;-114.0559202,51.0418831;-114.0559308,51.0417289;-114.0559445,51.0415313;-114.0559544,51.0413976;-114.0559601,51.0413051;-114.055962,51.0412756;-114.055966,51.0412232
Residential Street|STAMPEDE TR SE|B|-114.0535744,51.0402061;-114.0535769,51.0401491;-114.0535845,51.0399756;-114.0536018,51.0397387;-114.053619,51.0395017;-114.0536317,51.0393269;-114.0536362,51.0392651;-114.0536362,51.0392648
Urban Boulevard|STAMPEDE TR SE|B|-114.0535067,51.041154;-114.0535127,51.0410715;-114.0535175,51.0410049;-114.0535263,51.0408587;-114.0535378,51.0407117;-114.0535568,51.0404648;-114.0535669,51.0403121;-114.0535705,51.0402614;-114.0535744,51.0402061
Urban Boulevard|10 AV SE|B|-114.0607429,51.0432621;-114.0606176,51.0432586;-114.0601283,51.0432447;-114.0595137,51.0432272;-114.0588991,51.0432098;-114.0584149,51.0431926;-114.058286,51.0431881
Urban Boulevard|10 AV SE|B|-114.058286,51.0431881;-114.0581604,51.0431847;-114.0579138,51.043178;-114.0575817,51.0431691;-114.0572304,51.0431577;-114.0569712,51.0431506;-114.0569058,51.0431488;-114.0567764,51.0431453;-114.0562015,51.0431286;-114.0559526,51.0431214;-114.0558316,51.0431179
Urban Boulevard|10 AV SE|B|-114.0631754,51.0433311;-114.0630725,51.0433282;-114.0625673,51.0433138;-114.0619591,51.0432966;-114.061351,51.0432794;-114.0608891,51.0432663;-114.0607429,51.0432621
Urban Boulevard|10 AV SW|B|-114.0656758,51.0434019;-114.0657885,51.0434051;-114.066292,51.0434194;-114.0669083,51.0434368;-114.0675245,51.0434543;-114.0677301,51.0434601;-114.0679687,51.0434668;-114.0681408,51.0434717
Urban Boulevard|8 AV SW|B|-114.0630178,51.0455387;-114.063182,51.0455434;-114.0636429,51.0455565;-114.0642681,51.0455742;-114.0648932,51.0455919;-114.0653785,51.0456056;-114.0655184,51.0456096
Urban Boulevard|8 AV SW|B|-114.0655184,51.0456096;-114.0656347,51.0456129;-114.0661346,51.045627;-114.0667509,51.0456445;-114.0673672,51.0456619;-114.0678258,51.0456749;-114.0678766,51.0456763;-114.0679835,51.0456794
Urban Boulevard|7 AV SE|B|-114.0629362,51.046496;-114.0628251,51.0464923;-114.0606699,51.0464203;-114.0605175,51.0464152
Urban Boulevard|7 AV SW|B|-114.0629362,51.046496;-114.063113,51.0465011;-114.065279,51.0465629;-114.0654266,51.0465671
Urban Boulevard|7 AV SW|B|-114.0654266,51.0465671;-114.0655637,51.0465711;-114.0677279,51.0466345;-114.0678074,51.0466368;-114.0679159,51.04664
Urban Boulevard|7 AV SW|B|-114.0679159,51.04664;-114.0679682,51.0466414;-114.0680335,51.0466432;-114.0702581,51.0467045;-114.070359,51.0467073
Urban Boulevard|1 ST SW|B|-114.0653633,51.0475371;-114.06537,51.0474262;-114.0653707,51.0474146;-114.0653781,51.0472921;-114.0653856,51.0471697;-114.065393,51.0470472
Residential Street|5 ST SE|B|-114.0506192,51.0470929;-114.0506258,51.0470007;-114.0506384,51.0468244;-114.0506541,51.0466189
Urban Boulevard|7 AV SE|B|-114.0605175,51.0464152;-114.0603685,51.0464115;-114.0582784,51.0463582;-114.0580584,51.0463526
Urban Boulevard|3 AV SE|B|-114.0626989,51.0502894;-114.0625695,51.0502856;-114.0620859,51.0502714;-114.0614729,51.0502535;-114.0608599,51.0502356;-114.060405,51.0502223;-114.0602469,51.0502176
Urban Boulevard|3 AV SW|B|-114.0626989,51.0502894;-114.0628405,51.050293;-114.0628955,51.0502944;-114.0633142,51.0503053;-114.0639294,51.0503212;-114.0645447,51.0503371;-114.0650223,51.0503494;-114.0651599,51.050353
Urban Boulevard|3 AV SW|B|-114.0651599,51.050353;-114.0652849,51.0503568;-114.0657766,51.0503718;-114.0663933,51.0503905;-114.06701,51.0504093;-114.0674875,51.0504238;-114.0675342,51.0504252;-114.0676267,51.050428
Urban Boulevard|3 AV SW|B|-114.0676267,51.050428;-114.0676558,51.0504288;-114.0677468,51.0504313;-114.0682354,51.0504445;-114.0688442,51.050461;-114.0694529,51.0504775;-114.06996,51.0504912;-114.0700616,51.0504939
Residential Street|2 AV SW|B|-114.0626385,51.0512335;-114.0627708,51.0512373;-114.0632569,51.0512511;-114.0638754,51.0512687;-114.0644938,51.0512863;-114.0649605,51.0512995;-114.0651122,51.0513038
Residential Street|1 ST SW|B|-114.0651122,51.0513038;-114.0651165,51.0512193;-114.0651242,51.0510661;-114.0651361,51.0508284;-114.065148,51.0505907;-114.0651557,51.0504365;-114.0651599,51.050353
Residential Street|2 ST SW|B|-114.0675645,51.0513732;-114.0675697,51.0512804;-114.0675777,51.0511369;-114.0675803,51.0510988;-114.067594,51.0509006;-114.0676104,51.0506643;-114.0676203,51.0505206;-114.0676267,51.050428
Urban Boulevard|4 ST SE|B|-114.0530761,51.0471634;-114.0530829,51.0470685;-114.0530921,51.0469401;-114.05311,51.0466899
Residential Street|12 AV SE|B|-114.0535067,51.041154;-114.0533745,51.0411505;-114.0528904,51.0411375;-114.0522821,51.0411202;-114.0516738,51.0411029;-114.0511737,51.0410887;-114.0510655,51.0410856
Urban Boulevard|1 ST SE|FT|-114.0602469,51.0502176;-114.0602542,51.0501143;-114.0602638,51.0499799;-114.0602807,51.0497421;-114.0602976,51.0495043;-114.060307,51.0493713;-114.0603145,51.0492665
Urban Boulevard|8 AV SW|B|-114.0679835,51.0456794;-114.0680374,51.0456783;-114.0680819,51.0456774;-114.0680891,51.0456776;-114.0687477,51.0456988;-114.0687726,51.0457017;-114.0688843,51.0457318;-114.0689071,51.0457356;-114.0689304,51.0457375;-114.0703124,51.0457789;-114.0704242,51.0457823
Urban Boulevard|10 AV SW|B|-114.0631754,51.0433311;-114.063328,51.0433354;-114.0638005,51.0433488;-114.0644256,51.0433665;-114.0650507,51.0433842;-114.0655081,51.0433972;-114.0656758,51.0434019
Urban Boulevard|CENTRE ST S|B|-114.0633119,51.0414334;-114.063319,51.0413365;-114.063329,51.0411979;-114.0633461,51.0409623;-114.0633632,51.0407268;-114.0633885,51.0405434;-114.0633973,51.0404794
Urban Boulevard|CENTRE ST S|B|-114.0631754,51.0433311;-114.0631808,51.0432697;-114.0631848,51.0432245;-114.0631861,51.0432097;-114.0631969,51.0430884;-114.0632077,51.042967;-114.0632185,51.0428456
Arterial Street|CENTRE ST S|B|-114.0628813,51.0474517;-114.0628917,51.0473436;-114.0628928,51.0473317;-114.0629044,51.0472118;-114.062916,51.0470918;-114.0629275,51.0469718
Arterial Street|CENTRE ST S|B|-114.0630178,51.0455387;-114.063022,51.0454803;-114.0630261,51.0454228;-114.0630344,51.0453068;-114.0630426,51.0451908;-114.0630509,51.0450748
Urban Boulevard|1 ST SW|B|-114.0657424,51.042468;-114.0657121,51.0423594;-114.0657018,51.0423224;-114.0657506,51.0416284;-114.065758,51.0416079;-114.0657965,51.0415019
Urban Boulevard|1 ST SW|B|-114.0656758,51.0434019;-114.0656801,51.0433436;-114.0656825,51.0433119;-114.0656848,51.0432812;-114.0656937,51.0431604;-114.0657027,51.0430397;-114.0657117,51.0429189
Urban Boulevard|1 ST SW|B|-114.0655184,51.0456096;-114.0655213,51.0455533;-114.0655245,51.0454926;-114.0655306,51.0453756;-114.0655368,51.0452586;-114.0655429,51.0451416
Urban Boulevard|1 ST SW|B|-114.0654266,51.0465671;-114.0654289,51.0465493;-114.0654355,51.046494;-114.0654406,51.0464524;-114.065455,51.0463327;-114.0654694,51.046213;-114.0654839,51.0460933
Urban Boulevard|1 ST SW|B|-114.0653146,51.048466;-114.0653203,51.0483588;-114.0653268,51.0482337;-114.065339,51.0480015;-114.0653511,51.0477693;-114.0653588,51.0476222;-114.0653633,51.0475371
Urban Boulevard|1 ST SW|B|-114.0652476,51.0494063;-114.0652552,51.0493001;-114.0652643,51.0491712;-114.0652811,51.0489361;-114.0652979,51.048701;-114.0653078,51.0485614;-114.0653146,51.048466
Residential Street|1 ST SW|B|-114.0651599,51.050353;-114.0651705,51.0502388;-114.0651818,51.0501163;-114.0652037,51.0498797;-114.0652257,51.049643;-114.0652378,51.0495114;-114.0652476,51.0494063
Residential Street|2 ST SW|B|-114.0681408,51.0434717;-114.0681465,51.043379;-114.0681482,51.0433509;-114.0681556,51.0432301;-114.068163,51.0431093;-114.0681704,51.0429886
Urban Boulevard|2 ST SW|FT|-114.0678958,51.0471063;-114.0678836,51.0472278;-114.0678715,51.0473493;-114.0678593,51.0474708;-114.0678577,51.0474866;-114.0678472,51.0475923
Urban Boulevard|2 ST SW|FT|-114.0678472,51.0475923;-114.0678407,51.0476835;-114.0678304,51.0478282;-114.0678136,51.048064;-114.0677967,51.0482999;-114.0677871,51.048435;-114.0677799,51.0485357
Residential Street|2 ST SW|B|-114.0676267,51.050428;-114.0676334,51.0503388;-114.0676444,51.0501903;-114.0676622,51.0499525;-114.0676799,51.0497148;-114.0676901,51.049577;-114.0676976,51.0494771
Urban Boulevard|2 ST SW|FT|-114.0677799,51.0485357;-114.0677713,51.0486343;-114.0677593,51.0487711;-114.0677388,51.0490064;-114.0677182,51.0492417;-114.0677062,51.0493782;-114.0676976,51.0494771
Urban Boulevard|3 ST SW|FT|-114.0704242,51.0457823;-114.0704298,51.0457038;-114.0704348,51.0456329;-114.0704431,51.0455173;-114.0704513,51.0454017;-114.0704595,51.0452861
Residential Street|13 AV SE|B|-114.0609481,51.0404221;-114.0607467,51.0404164;-114.0603338,51.0404047;-114.0597195,51.0403872;-114.0591052,51.0403698;-114.058696,51.0403582;-114.0584909,51.0403524
Urban Boulevard|10 AV SE|B|-114.0558316,51.0431179;-114.0557103,51.0431146;-114.0556798,51.0431138;-114.0555286,51.0431093;-114.0553334,51.0431039;-114.0552297,51.0431008;-114.0550457,51.0430954;-114.0547976,51.0430888;-114.0546252,51.0430837;-114.054365,51.0430756;-114.0542016,51.0430748;-114.0541466,51.0430781;-114.0540877,51.0430822;-114.0540314,51.043087;-114.0539815,51.0430951;-114.0539176,51.0431097;-114.05389,51.0431183;-114.0538664,51.0431258
Residential Street|RIVERFRONT AV SE|B|-114.0505765,51.0478146;-114.050584,51.0477093;-114.0506033,51.0474423;-114.0506149,51.0471862;-114.0506192,51.0470929
Residential Street|3 ST SE|B|-114.0558316,51.0431179;-114.0558368,51.043049;-114.0558372,51.0430444;-114.0558378,51.043036;-114.0558448,51.042938;-114.0558509,51.0428502;-114.0558562,51.0427711;-114.0558608,51.0427028;-114.0558653,51.0426433
Residential Street|6 ST SE|B|-114.0483729,51.045602;-114.0483698,51.0454822;-114.0483666,51.0453623;-114.0483635,51.0452424;-114.0483627,51.0452134;-114.0483603,51.0451225
Urban Boulevard|CENTRE ST S|B|-114.0632185,51.0428456;-114.0632388,51.0424582;-114.063242,51.0423969
Urban Boulevard|1 ST SW|B|-114.0657117,51.0429189;-114.0657194,51.0428062;-114.065727,51.0426934;-114.0657347,51.0425807;-114.065738,51.042532;-114.0657424,51.042468
Residential Street|2 ST SW|B|-114.0681704,51.0429886;-114.0681797,51.0428759;-114.0681889,51.0427633;-114.0681981,51.0426506;-114.0682023,51.0425996;-114.0682073,51.042538
Residential Street|3 ST SE|B|-114.0558653,51.0426433;-114.0558699,51.0425803;-114.055876,51.0425037;-114.0558829,51.042413;-114.0558897,51.04231;-114.0558944,51.0422478;-114.055895,51.0422393;-114.0558988,51.0421706
