Residential Street|15 AV SW|FT|-114.071496,51.0388215;-114.0713951,51.0388186;-114.0707366,51.0388;-114.0699772,51.0387784;-114.0692177,51.0387569;-114.0685771,51.0387387;-114.0684583,51.0387353
Urban Boulevard|8 AV SW|B|-114.0704242,51.0457823;-114.0705262,51.0457785;-114.0706328,51.0457746;-114.0713722,51.0457917;-114.0715308,51.0457954
Urban Boulevard|7 AV SW|B|-114.070359,51.0467073;-114.0704545,51.0467105;-114.0713732,51.0467411;-114.0714913,51.0467451
Urban Boulevard|3 AV SW|B|-114.0700616,51.0504939;-114.0701789,51.0504975;-114.0704297,51.050505;-114.0707979,51.0505161;-114.071166,51.0505271;-114.0713658,51.0505332;-114.0715341,51.0505382
Residential Street|2 AV SW|B|-114.0700211,51.0514427;-114.0700242,51.0514428;-114.070123,51.0514454;-114.0703998,51.0514528;-114.0707786,51.0514629;-114.0711573,51.051473;-114.0713747,51.0514789;-114.071536,51.0514832
Residential Street|6 ST NE|B|-114.0483457,51.0514417;-114.0483501,51.0515566;-114.0483546,51.0516716;-114.048359,51.0517865;-114.0483635,51.0519015
Residential Street|6 ST NE|B|-114.0483639,51.0508134;-114.0483639,51.050893;-114.0483639,51.0509553
Urban Boulevard|3 AV SW|B|-114.0715341,51.0505382;-114.0716842,51.050543;-114.0720345,51.0505542;-114.0725349,51.0505703;-114.0730353,51.0505863;-114.0733731,51.0505971;-114.0735357,51.0506023
Urban Boulevard|8 AV SW|B|-114.0715308,51.0457954;-114.0716839,51.0457954;-114.0720947,51.0457955;-114.0726955,51.0458123;-114.0732963,51.0458291;-114.0737374,51.0458415;-114.0738971,51.0458459
Residential Street|6 ST SW|B|-114.0758823,51.0523108;-114.075887,51.0522442;-114.0759067,51.0519661;-114.0759253,51.0517016;-114.0759316,51.0516127
Residential Street|14 AV SW|FT|-114.0721241,51.0397584;-114.0741825,51.0398215;-114.0742967,51.039825
Residential Street|15 AV SW|FT|-114.0743609,51.0389017;-114.0742429,51.0388984;-114.0736447,51.0388817;-114.0729285,51.0388616;-114.0722122,51.0388416;-114.0716591,51.0388261;-114.071496,51.0388215
Residential Street|6 ST SW|B|-114.0768494,51.0384882;-114.0768576,51.0383205;-114.0768658,51.0381529;-114.076874,51.0379852;-114.0768772,51.0379215;-114.0768823,51.0378176
Residential Street|1 AV SW|B|-114.0758823,51.0523108;-114.0760341,51.052311;-114.0764297,51.0523116;-114.076977,51.0523124;-114.0776638,51.0523148;-114.0782543,51.0523144;-114.0783469,51.0523143
Residential Street|BELLEVUE AV SE|B|-114.0443182,51.0386937;-114.0444295,51.0384804;-114.0445408,51.0382671;-114.0446521,51.0380538;-114.0447277,51.037909;-114.0447634,51.0378405
Residential Street|17 AV SE|B|-114.0420537,51.0378411;-114.041512,51.0378413;-114.0413739,51.0378413
Residential Street|9 ST SE|B|-114.0401123,51.0402685;-114.0400968,51.0401811;-114.0400045,51.0396619;-114.0398966,51.0390552;-114.0397888,51.0384485;-114.0396944,51.0379179;-114.0396809,51.0378419
Collector|8 ST SE|B|-114.0417866,51.040162;-114.0417711,51.0400752;-114.0416834,51.0395818;-114.0415802,51.0390016;-114.0414771,51.0384215;-114.041387,51.0379148;-114.0413739,51.0378413
Residential Street|MAGGIE ST SE|FT|-114.0423754,51.0386082;-114.0423441,51.0384164;-114.0423128,51.0382246;-114.0422815,51.0380328;-114.0422598,51.0378994;-114.0422502,51.037841
Residential Street|17 AV SE|B|-114.0436845,51.0378405;-114.043326,51.0378406;-114.0429674,51.0378407;-114.0426088,51.0378409;-114.0422502,51.037841
Residential Street|17 AV SE|B|-114.0422502,51.037841;-114.0420537,51.0378411
Residential Street|2 AV NE|B|-114.0483586,51.0546774;-114.0482297,51.0546771;-114.0480261,51.0546766;-114.0476935,51.0546757;-114.047361,51.0546749;-114.0471551,51.0546743;-114.0470284,51.054674
Residential Street|4 AV NE|B|-114.0483576,51.0560792;-114.0482267,51.0560794;-114.0476927,51.0560804
Residential Street|2 ST SW|B|-114.0684583,51.0387353;-114.0684623,51.0386701;-114.0684722,51.038511;-114.0684861,51.0382867;-114.0685001,51.0380623;-114.0685088,51.037921;-114.068514,51.037838
Residential Street|17 AV SE|B|-114.0441041,51.037843;-114.0436845,51.0378405
Residential Street|17 AV SE|B|-114.0452716,51.0378425;-114.0448655,51.0378409;-114.0447634,51.0378405
Residential Street|4 ST SW|B|-114.071536,51.0514832;-114.0715358,51.0513694;-114.0715355,51.0512469;-114.0715351,51.0510107;-114.0715346,51.0507744;-114.0715343,51.0506555;-114.0715341,51.0505382
Residential Street|4 ST SW|B|-114.071533,51.0524791;-114.0715334,51.0523568;-114.0715337,51.0522301;-114.0715345,51.0519811;-114.0715352,51.0517321;-114.0715357,51.0515861;-114.071536,51.0514832
Urban Boulevard|7 AV SW|B|-114.0714913,51.0467451;-114.0716834,51.0467505;-114.0736669,51.0468062;-114.0738155,51.0468104
Residential Street|6 ST SW|B|-114.0758541,51.0526007;-114.0758745,51.0523918;-114.0758823,51.0523108
Residential Street|7 ST SW|B|-114.0793537,51.038085;-114.0793651,51.0379233;-114.0793724,51.0378196
Residential Street|2 AV SW|B|-114.071536,51.0514832;-114.0716797,51.051487;-114.0720214,51.0514962;-114.0725068,51.0515093;-114.0729922,51.0515224;-114.0733113,51.051531;-114.0734776,51.0515355
Residential Street|6 ST SE|B|-114.0483729,51.045602;-114.0483696,51.0457281;-114.0483664,51.0458541;-114.0483631,51.0459801;-114.0483624,51.0460042;-114.0483605,51.0460789
Residential Street|17 AV SE|B|-114.0452716,51.0378425;-114.0454698,51.037842;-114.0456679,51.0378414;-114.045866,51.0378409;-114.0459471,51.0378407;-114.0460642,51.0378404
Residential Street|17 AV SE|B|-114.0447634,51.0378405;-114.0446242,51.0378411;-114.0441041,51.037843
Residential Street|17 AV SE|B|-114.0405485,51.0378416;-114.0403316,51.0378416;-114.0401147,51.0378417;-114.0398978,51.0378418;-114.0398355,51.0378418;-114.0396809,51.0378419
Residential Street|6 ST NE|B|-114.0483639,51.0509553;-114.0483593,51.0510769;-114.0483548,51.0511985;-114.0483502,51.0513201;-114.0483457,51.0514417
Residential Street|2 AV NE|B|-114.0463602,51.0546768;-114.0458256,51.0546717;-114.045708,51.0546706
Neighbourhood Boulevard|1 AV NE|B|-114.0463604,51.05327;-114.0458155,51.0532685;-114.0457083,51.0532683
Residential Street|6A ST NE|B|-114.0470277,51.0551053;-114.0470273,51.0553478;-114.0470269,51.0555902;-114.0470265,51.0558326;-114.0470262,51.0559974;-114.0470261,51.056075
Residential Street|4 AV NE|B|-114.0463623,51.0560766;-114.0458236,51.0560725;-114.0456981,51.0560715
Residential Street|4 AV NE|B|-114.0450329,51.0560729;-114.0444922,51.0560689;-114.0443659,51.0560679
Residential Street|4 AV NE|B|-114.0437023,51.056071;-114.0431616,51.0560656;-114.0430401,51.0560644
Residential Street|4 AV NE|B|-114.0423733,51.0560672;-114.0418317,51.056062;-114.0417094,51.0560608
Residential Street|4 AV NE|B|-114.0410434,51.0560624;-114.040502,51.0560582;-114.0403773,51.0560572
Residential Street|6 ST NE|B|-114.0483583,51.0551095;-114.0483581,51.055384
Residential Street|4 AV NE|B|-114.0476927,51.0560804;-114.0471638,51.0560761;-114.0470261,51.056075
Residential Street|9 ST NE|B|-114.0403766,51.0532558;-114.0403769,51.0533181;-114.0403783,51.053606;-114.0403799,51.0539563;-114.0403816,51.0543065;-114.0403829,51.0545774;-114.0403833,51.0546568
Residential Street|9 ST NE|B|-114.0403833,51.0546568;-114.0403829,51.0547399;-114.0403818,51.0550069;-114.0403803,51.055357;-114.0403788,51.0557071;-114.0403777,51.0559807;-114.0403773,51.0560572
Residential Street|6 ST SW|B|-114.0760318,51.0501917;-114.0760451,51.0500032;-114.0760585,51.0498131;-114.0760652,51.049718
Residential Street|8 ST NW|B|-114.0795068,51.0547721;-114.0793824,51.0546899
Residential Street|8 ST NW|B|-114.0795068,51.0547721;-114.0795849,51.0548237;-114.0799866,51.055089
Residential Street|EAU CLAIRE AV SW|B|-114.0718292,51.0524874;-114.0722239,51.0524986;-114.0726186,51.0525097;-114.0730132,51.0525208;-114.0732563,51.0525276;-114.0734079,51.0525319
Residential Street|EAU CLAIRE AV SW|B|-114.071533,51.0524791;-114.0718292,51.0524874
Residential Street|ADELAIDE ST SE|B|-114.0419279,51.042602;-114.0418061,51.0425681;-114.0417603,51.0425554;-114.0415966,51.0425036;-114.0414372,51.0424466;-114.0412825,51.0423848
Residential Street|ADELAIDE ST SE|B|-114.0412825,51.0423848;-114.0411922,51.0423516;-114.0407102,51.0421189;-114.0404156,51.0419743
Residential Street|17 AV SE|B|-114.0407318,51.0378415;-114.0405485,51.0378416
Residential Street|17 AV SE|B|-114.0413739,51.0378413;-114.041263,51.0378413;-114.0407318,51.0378415
Arterial Street|CENTRE ST S|B|-114.0629833,51.0460225;-114.0629919,51.0459016;-114.0630006,51.0457806;-114.0630092,51.0456597;-114.0630133,51.0456015;-114.0630178,51.0455387
Residential Street|3 ST SW|B|-114.0700211,51.0514427;-114.0700213,51.0514392;-114.0700213,51.0514382;-114.0700251,51.0513483;-114.0700312,51.0512055;-114.0700414,51.0509683;-114.0700515,51.0507311;-114.0700571,51.0505993;-114.0700616,51.0504939
Residential Street|6 ST SW|B|-114.0759629,51.0511387;-114.0759716,51.0510198;-114.0759803,51.0509009;-114.075989,51.050782;-114.0759909,51.0507585;-114.0759984,51.0506656
Residential Street|6 ST SW|B|-114.0759316,51.0516127;-114.075938,51.0515214;-114.0759476,51.051386;-114.0759629,51.0511387
Residential Street|7 ST NE|B|-114.0456964,51.0508153;-114.0456968,51.0508809;-114.0456967,51.0508918;-114.0456961,51.0509915;-114.0456962,51.0510993;-114.0456971,51.051218;-114.0456972,51.0512901;-114.0456973,51.051355
Urban Boulevard|CENTRE ST S|B|-114.063242,51.0423969;-114.0632496,51.0422926;-114.0632595,51.042156;-114.063277,51.0419152;-114.0632945,51.0416743;-114.0633057,51.0415202;-114.0633119,51.0414334
Residential Street|2 AV SW|B|-114.0664197,51.0513391;-114.0667216,51.0513474;-114.0671415,51.0513603;-114.0674046,51.0513683;-114.0675645,51.0513732
Lanes (Alleys)||B|-114.050209,51.0554154;-114.050005,51.055413;-114.049801,51.0554105;-114.049597,51.055408;-114.049393,51.0554055
Residential Street|3 AV NE|B|-114.0483581,51.055384;-114.0484824,51.0553866;-114.0486168,51.0553894;-114.0488756,51.0553947;-114.0491343,51.0554001;-114.049393,51.0554055
Residential Street|2 ST SW|B|-114.0675039,51.0523115;-114.0675095,51.0522152;-114.0675307,51.0518466;-114.0675584,51.0514585;-114.0675645,51.0513732
Residential Street|13 AV SW|B|-114.0728433,51.040758;-114.0731893,51.0407681;-114.0735353,51.0407781;-114.0738813,51.0407882;-114.0741067,51.0407947;-114.0742273,51.0407982
Lanes (Alleys)||B|-114.0405485,51.0378416;-114.0405617,51.0379227;-114.0406868,51.0386954;-114.0409221,51.0401304;-114.0409365,51.0402179
Lanes (Alleys)||B|-114.0714947,51.0430891;-114.0714039,51.0430865;-114.0694523,51.0430305;-114.0682741,51.042992;-114.0681704,51.0429886
Lanes (Alleys)||B|-114.0635725,51.0474713;-114.0635652,51.0475467;-114.0635428,51.0477768;-114.0630224,51.0477618;-114.0628595,51.0477571
Lanes (Alleys)||B|-114.0760888,51.0492439;-114.0759661,51.0492403;-114.0747827,51.0492064;-114.0747961,51.0494668;-114.074786,51.0496028;-114.0747806,51.0496755
Lanes (Alleys)||B|-114.0600871,51.0548556;-114.0599649,51.0548551;-114.0595395,51.0548534;-114.0589919,51.0548512;-114.0583071,51.0548455;-114.0577549,51.0548457;-114.0576266,51.0548457
Lanes (Alleys)||B|-114.060092,51.0557486;-114.0599648,51.0557481;-114.0595074,51.0557464;-114.0589229,51.0557441;-114.0582819,51.0557378;-114.0577605,51.0557326;-114.057641,51.0557315
Lanes (Alleys)||B|-114.04104,51.0546562;-114.0410405,51.0547412;-114.0410412,51.0548769;-114.0410433,51.0559817;-114.0410434,51.0560624
Lanes (Alleys)||B|-114.0397096,51.054658;-114.0397102,51.0547371;-114.0397113,51.0548773;-114.0397068,51.0559779;-114.0397065,51.0560612
Residential Street|4 AV NE|B|-114.0500338,51.0560871;-114.0496148,51.0560852;-114.0491957,51.0560832;-114.0487766,51.0560812;-114.048473,51.0560797;-114.0483576,51.0560792
Residential Street|1 AV NE|B|-114.0543371,51.0534901;-114.0533186,51.0534875;-114.0524409,51.0534853
Neighbourhood Boulevard|4 ST SW|B|-114.0714951,51.0416658;-114.0714952,51.0415557;-114.0714953,51.0411894;-114.0714954,51.0408054;-114.0714954,51.0407217
Lanes (Alleys)||B|-114.0470378,51.0514685;-114.0470853,51.0514756;-114.0471962,51.0514923;-114.0476456,51.0514899;-114.0476383,51.0518268
Lanes (Alleys)||B|-114.0463623,51.0560766;-114.0463622,51.0559966;-114.0463618,51.0557267;-114.0463612,51.0553767;-114.0463607,51.0550268;-114.0463603,51.0547529;-114.0463602,51.0546768
Lanes (Alleys)||B|-114.0450329,51.0560729;-114.0450328,51.0559909;-114.0450323,51.0557223;-114.0450316,51.0553718;-114.045031,51.0550213;-114.0450304,51.0547507;-114.0450303,51.0546708
Lanes (Alleys)||B|-114.0437023,51.056071;-114.0437021,51.0559893;-114.0437017,51.0557203;-114.0437011,51.0553695;-114.0437004,51.0550188;-114.0437,51.0547477;-114.0436998,51.0546681
Lanes (Alleys)||B|-114.0423733,51.0560672;-114.0423731,51.0559863;-114.0423726,51.0557163;-114.042372,51.0553654;-114.0423713,51.0550145;-114.0423708,51.0547447;-114.0423707,51.0546635
Neighbourhood Boulevard|1 AV NE|B|-114.0502975,51.0532754;-114.0501292,51.0532759;-114.0499755,51.0532763;-114.0496536,51.0532771;-114.0493316,51.053278;-114.0490097,51.0532788
Lanes (Alleys)||B|-114.0524426,51.0552681;-114.0524426,51.0551882;-114.0524426,51.0548725;-114.0524427,51.0548235
Residential Street|3 AV NE|B|-114.0524426,51.0552681;-114.0522812,51.0552673;-114.0521054,51.0552664;-114.051928,51.0552655
Residential Street|2 AV NE|B|-114.0524501,51.054382;-114.0522657,51.0543803;-114.0520813,51.0543786;-114.0518968,51.0543769;-114.0518351,51.0543763;-114.0517124,51.0543751
Neighbourhood Boulevard|1 AV NE|B|-114.0517133,51.0532755;-114.051582,51.0532755;-114.0513594,51.0532755;-114.0510054,51.0532755;-114.0506514,51.0532754;-114.0504513,51.0532754;-114.0502975,51.0532754
Residential Street|1 AV NE|B|-114.0524409,51.0534853;-114.0522591,51.0534842;-114.0520772,51.0534831;-114.0518954,51.053482;-114.0518537,51.0534818;-114.0517136,51.0534809
Residential Street|MARSH RD NE|B|-114.0551787,51.0528768;-114.0518381,51.0528759;-114.0517148,51.0528758
Residential Street|MARSH RD NE|B|-114.0517128,51.0527939;-114.0515749,51.0527935;-114.0513585,51.0527929;-114.0510041,51.0527918;-114.0506498,51.0527908;-114.0504522,51.0527902;-114.0502954,51.0527898
Residential Street|MEREDITH RD NE|B|-114.051707,51.0519178;-114.0515636,51.0519173;-114.0513536,51.0519167;-114.0510002,51.0519157;-114.0506469,51.0519147;-114.0504778,51.0519142;-114.0503837,51.0519139;-114.0502935,51.0519136
Arterial Street|4 AV SE|FT|-114.0558403,51.0491404;-114.0566493,51.0491629;-114.0570514,51.0491742;-114.0574536,51.0491855;-114.0577147,51.0491928;-114.0578558,51.0491968
Arterial Street|4 AV SE|FT|-114.0553975,51.0491728;-114.0554715,51.0491732;-114.0555375,51.0491734;-114.0555475,51.0491735;-114.0555793,51.0491731;-114.0556064,51.0491722;-114.0556457,51.049169;-114.0557084,51.0491607;-114.0557773,51.0491499;-114.0558403,51.0491404
Arterial Street|4 AV SE|FT|-114.0553917,51.0490958;-114.055492,51.0490986;-114.0555435,51.0490998;-114.0555448,51.0490999;-114.0555861,51.0491014;-114.0556219,51.0491043;-114.0556632,51.0491093;-114.0557014,51.049116;-114.0557578,51.0491255;-114.0558403,51.0491404
Residential Street|MCPHERSON RD NE|B|-114.043574,51.0499333;-114.0434742,51.0499331;-114.0433905,51.0499326;-114.043319,51.0499326;-114.0431968,51.0499337;-114.0430596,51.0499332;-114.0429662,51.0499338;-114.0427349,51.0499333;-114.0426542,51.0499336;-114.0426028,51.0499334
Residential Street|MCDOUGALL CO NE|B|-114.0465159,51.0498384;-114.046515,51.0499536
Lanes (Alleys)||B|-114.0465155,51.0504018;-114.0464341,51.0504017;-114.0464093,51.0504017;-114.0463166,51.0504014;-114.046191,51.0504018;-114.045978,51.0504015;-114.0458597,51.0504016;-114.0457751,51.0504023;-114.0455972,51.0504014;-114.0454888,51.0504024;-114.045282,51.0504021;-114.0451569,51.0504018;-114.0450219,51.0504019;-114.0449029,51.0504016;-114.0446663,51.0504023;-114.0445786,51.0504024;-114.0443507,51.0504028;-114.0443216,51.0504026;-114.0442504,51.0504022;-114.0442098,51.0504024
Residential Street|MCDOUGALL RD NE|B|-114.0456964,51.0508153;-114.0455555,51.0508145;-114.0454458,51.0508151;-114.0453371,51.0508157;-114.0448576,51.0508158;-114.044378,51.0508159
Residential Street||B|-114.044378,51.0508159;-114.044378,51.0508949;-114.0443781,51.0512271
Residential Street|MCDOUGALL RD NE|B|-114.044378,51.0508159;-114.0442102,51.0508159
Residential Street|MCDOUGALL RD NE|B|-114.0442102,51.0508159;-114.0440783,51.0508157;-114.0439322,51.0508154;-114.0437867,51.050815;-114.0435798,51.0508146;-114.0434357,51.0508155;-114.0433159,51.0508151;-114.0432103,51.0508147;-114.0431438,51.0508156;-114.0430922,51.0508153
Residential Street||B|-114.0430922,51.0508153;-114.0430922,51.0508852;-114.0430922,51.0511395
Residential Street|MCDOUGALL RD NE|B|-114.0430922,51.0508153;-114.043018,51.0508148;-114.0429453,51.050814;-114.0428808,51.050811;-114.0428279,51.0508071;-114.042771,51.0508019;-114.0427298,51.0507985;-114.0426969,51.0507959;-114.0426612,51.0507938;-114.0425928,51.050792;-114.0425077,51.0507921;-114.0424524,51.0507921;-114.0424084,51.0507921;-114.0423304,51.0507923
Residential Street|7A ST NE|B|-114.0442106,51.05006;-114.0442069,51.0502172;-114.0442098,51.0504024
Lanes (Alleys)||B|-114.0442098,51.0504024;-114.0441525,51.0503918;-114.0441064,51.0503838;-114.0440788,51.0503791;-114.0440709,51.0503777;-114.044033,51.0503746;-114.0439519,51.0503746;-114.0438501,51.0503743;-114.0436474,51.0503741;-114.0435173,51.0503744;-114.0430939,51.0503737;-114.0429377,51.0503747;-114.042808,51.0503744;-114.0425961,51.0503741;-114.0424634,51.0503739;-114.0424156,51.050374;-114.0423316,51.0503744
Residential Street|7A ST NE|B|-114.0442098,51.0504024;-114.0442101,51.050735;-114.0442102,51.0508159
Residential Street|8 ST NE|B|-114.0423315,51.0500454;-114.0423311,51.0501546;-114.0423313,51.0501894;-114.0423314,51.0502404;-114.0423312,51.0502828;-114.0423311,51.0503451;-114.0423316,51.0503744
Residential Street|8 ST NE|B|-114.0423316,51.0503744;-114.0423304,51.0507732;-114.0423304,51.0507923
Parkway|MEMORIAL DR NE|FT|-114.0517197,51.0508734;-114.051618,51.050878;-114.0516052,51.0508777;-114.0514878,51.0508747;-114.0513541,51.0508657;-114.051215,51.0508456;-114.0506728,51.050767;-114.0505907,51.0507592;-114.0505141,51.0507581;-114.0504986,51.0507598;-114.0504231,51.0507683;-114.0503156,51.0507926
Parkway|MEMORIAL DR NE|FT|-114.0517197,51.0508734;-114.0516082,51.050854;-114.0513201,51.0508039;-114.0507226,51.0506916;-114.050533,51.0506494;-114.0503498,51.0506086
Skeletal Road|MEMORIAL DR NE|FT|-114.0477387,51.0500187;-114.047979,51.0500603;-114.0481776,51.0501365;-114.0483253,51.0501915;-114.0484012,51.0502212;-114.0486807,51.0503161;-114.0489651,51.0504229;-114.0491455,51.0504862;-114.0492693,51.0505309;-114.0493609,51.0505605
Parkway|MEMORIAL DR NE|FT|-114.0517053,51.0510093;-114.0518279,51.0510261;-114.0522473,51.0510839
Residential Street|3 ST SE|B|-114.0553917,51.0490958;-114.0553954,51.0490465;-114.0554085,51.0488736;-114.0554253,51.0486514;-114.0554421,51.0484292;-114.0554498,51.0483264;-114.0554589,51.048207
Arterial Street|5 AV SE|FT|-114.0579226,51.0482564;-114.0577933,51.0482495;-114.0573765,51.0482271;-114.0569904,51.0482143;-114.0565631,51.0481983;-114.0560637,51.0481887;-114.0557574,51.0481873;-114.0556502,51.0481933;-114.0555541,51.0481987;-114.0554589,51.048207
Urban Boulevard|4 ST SE|B|-114.0529605,51.048031;-114.0529604,51.0479639;-114.0529604,51.0479169;-114.0530205,51.0477361;-114.0530429,51.0475246;-114.0530505,51.0474074;-114.0530581,51.0472903;-114.0530645,51.0472449;-114.0530761,51.0471634
Residential Street|3 ST SE|B|-114.0553272,51.0500956;-114.0553364,51.0499908;-114.0553526,51.0498069;-114.0553564,51.049758;-114.0553658,51.0496136;-114.0553724,51.0495153;-114.0553778,51.0494393;-114.0553801,51.0494055
Urban Boulevard|RIVERFRONT AV SE|B|-114.0578399,51.0506717;-114.0576407,51.0506264;-114.0572487,51.0505374
Urban Boulevard|MACLEOD TR SE|FT|-114.0577438,51.0503484;-114.0577095,51.050426;-114.0576887,51.0504554;-114.0576617,51.0504809;-114.0576372,51.0504987;-114.0576165,51.0505078;-114.0575931,51.0505181;-114.057538,51.0505351;-114.0574926,51.0505444;-114.0574424,51.0505483;-114.0573798,51.0505468;-114.0572487,51.0505374
Urban Boulevard|MACLEOD TR SE|FT|-114.0577438,51.0503484;-114.0577561,51.050426;-114.0577586,51.050467;-114.0577574,51.0505343;-114.05776,51.0505619;-114.0577612,51.0505737;-114.057771,51.0506023;-114.0577894,51.0506271;-114.057814,51.0506456;-114.0578399,51.0506717
Urban Boulevard|EDMONTON TR NE|B|-114.051928,51.0552655;-114.0520145,51.0553342;-114.0521153,51.0554143;-114.0522709,51.055538;-114.0524085,51.0556474
Arterial Street|4 ST NE|FT|-114.051928,51.0552655;-114.0518804,51.0552012;-114.0518347,51.0551295;-114.0517993,51.0550617;-114.05177,51.0549922;-114.0517484,51.0549271;-114.0517294,51.0548439;-114.051719,51.05477;-114.0517174,51.0546837
Arterial Street|4 ST NE|FT|-114.0517174,51.0546837;-114.0517162,51.0546125;-114.0517124,51.0543751
Arterial Street|4 ST NE|FT|-114.0517133,51.0532755;-114.0517148,51.0528758
Arterial Street|4 ST NE|FT|-114.0517148,51.0528758;-114.0517128,51.0527939
Arterial Street|4 ST NE|FT|-114.0517128,51.0527939;-114.0517123,51.0527206;-114.0517114,51.0525749;-114.0517099,51.0523558;-114.0517085,51.0521368;-114.0517075,51.0519933;-114.051707,51.0519178
Arterial Street|4 ST NE|FT|-114.0517053,51.0510093;-114.0517128,51.0509387;-114.0517197,51.0508734
Arterial Street|4 ST NE|FT|-114.0517197,51.0508734;-114.0517361,51.050799;-114.0517415,51.0507744;-114.0517584,51.0507081;-114.051792,51.0506146;-114.0518276,51.0505293;-114.0519113,51.05039
