Residential Street|AGRICULTURE TR SE|B|-114.0502514,51.0375229;-114.050191,51.0375935;-114.0501413,51.0376786;-114.0500753,51.0378386;-114.050004,51.0380113;-114.0499485,51.0381204;-114.0498783,51.0382369;-114.0497964,51.0383349;-114.049694,51.0384403;-114.0495916,51.0385309;-114.0495067,51.0385827;-114.0493896,51.0386308;-114.0492717,51.0386541;-114.0491096,51.038655
Residential Street|AGRICULTURE TR SE|B|-114.0491096,51.038655;-114.0490447,51.038649;-114.0487225,51.0386233;-114.0482907,51.038582;-114.0482675,51.0385797;-114.0481625,51.0385701
Residential Street|STAMPEDE TR SE|B|-114.0537077,51.0382886;-114.0537122,51.0382255;-114.053721,51.038101
Residential Street||B|-114.053721,51.038101;-114.0536273,51.0380983;-114.0535971,51.0380975;-114.0534917,51.0380946;-114.0533742,51.0380911;-114.0532125,51.0380871;-114.0531265,51.0380856;-114.0530047,51.0380811;-114.052904,51.0380777;-114.0527722,51.0380745;-114.0527039,51.0380714;-114.0526456,51.0380644;-114.0525945,51.0380545;-114.052519,51.0380392;-114.0524659,51.038029;-114.0524147,51.0380178
Residential Street|2 AV NE|B|-114.0507145,51.0546728;-114.0502615,51.054673;-114.0497301,51.0546732;-114.0490028,51.0546751;-114.0484793,51.054677;-114.0483586,51.0546774
Arterial Street|EDMONTON TR NE|FT|-114.0503498,51.0506086;-114.0503365,51.0506715;-114.0503235,51.0507351;-114.0503156,51.0507926
Arterial Street|EDMONTON TR NE|FT|-114.0503156,51.0507926;-114.0503076,51.0508585;-114.0502984,51.0509335;-114.0502971,51.0510294;-114.0502971,51.0510991
Arterial Street|EDMONTON TR NE|FT|-114.0502973,51.0514416;-114.0502948,51.0516001;-114.050295,51.0517643;-114.0502941,51.0518387;-114.0502938,51.0518634;-114.0502935,51.0519136
Arterial Street|EDMONTON TR NE|FT|-114.0502935,51.0519136;-114.0502933,51.051983;-114.0502929,51.0521592;-114.0502953,51.0524072;-114.0502956,51.0526759;-114.0502954,51.0527898
Lanes (Alleys)||B|-114.0502973,51.0514416;-114.050128,51.0514389;-114.0500487,51.0514376;-114.0484826,51.0514414;-114.0483457,51.0514417
Lanes (Alleys)||B|-114.0517086,51.0514361;-114.0515886,51.0514365;-114.0513558,51.0514375;-114.051003,51.0514388;-114.0506502,51.0514402;-114.0504517,51.051441;-114.0502973,51.0514416
Lanes (Alleys)||B|-114.0465155,51.0504018;-114.0465929,51.0503875;-114.0466605,51.0503751;-114.048037,51.0503745;-114.0480674,51.0503973;-114.048217,51.0505369;-114.0482552,51.0505754;-114.0483164,51.0506379;-114.0483469,51.0506956;-114.0483639,51.0508134
Residential Street|12 AV SE|B|-114.0483612,51.041005;-114.0467729,51.0409566;-114.0465793,51.0409551;-114.0464075,51.0409628;-114.0463131,51.0409736;-114.0462647,51.0409839
Collector|MACDONALD AV SE|B|-114.0441106,51.0411277;-114.0439995,51.0411125;-114.0438908,51.0411095;-114.0437604,51.0411126;-114.0436252,51.0411248;-114.0433282,51.0411447;-114.043028,51.0411646
Residential Street|11 AV SE|B|-114.0509876,51.0420343;-114.0508464,51.0420318;-114.0508188,51.0420314;-114.050517,51.0420214;-114.0500887,51.0420115;-114.0498689,51.0420032;-114.049586,51.0419968;-114.0493209,51.0419868;-114.0490114,51.0419795;-114.0488111,51.0419738;-114.048622,51.0419689;-114.0484917,51.0419644;-114.0483605,51.0419598
Residential Street|5 ST SE|B|-114.0509876,51.0420343;-114.050992,51.0419519;-114.0510049,51.0417117;-114.0510243,51.0414412;-114.0510417,51.0412377;-114.0510534,51.0411633;-114.0510655,51.0410856
Residential Street|11 AV SE|B|-114.053322,51.0420927;-114.0533053,51.0420922;-114.0532284,51.0420932;-114.0531278,51.0420944;-114.052913,51.0420897;-114.0526888,51.0420837;-114.0524412,51.0420743;-114.0521339,51.0420645;-114.0518779,51.0420586;-114.0515491,51.04205;-114.0512081,51.0420402;-114.0511206,51.0420379;-114.0509876,51.0420343
Neighbourhood Boulevard|9 AV SE|B|-114.0508364,51.0442687;-114.0498646,51.0442261;-114.0496896,51.044213;-114.0494753,51.0441983;-114.0493342,51.0441818;-114.0490206,51.0441473;-114.0488716,51.044126;-114.0485529,51.0440797;-114.048358,51.0440514
Residential Street|6 ST SE|B|-114.0483603,51.0451225;-114.0483602,51.0450516;-114.0483597,51.0448547;-114.0483591,51.0445869;-114.0483585,51.0443192;-114.0483582,51.0441674;-114.048358,51.0440514
Urban Boulevard|CENTRE ST N|FT|-114.0624606,51.0550621;-114.0623525,51.0550907;-114.0622779,51.0551104;-114.0622327,51.0551224;-114.0621324,51.0551418;-114.0620032,51.0551557
Urban Boulevard|CENTRE ST N|B|-114.0624606,51.0550621;-114.0624531,51.0552506
Residential Street|SAMIS RD NE|FT|-114.0620032,51.0551557;-114.0621715,51.0551787;-114.0622578,51.0551944;-114.0622969,51.0552015;-114.0623627,51.0552185;-114.0624531,51.0552506
Residential Street|SAMIS RD NE|B|-114.0620032,51.0551557;-114.0618102,51.0551387;-114.0616262,51.055116;-114.0614366,51.0550721;-114.0612359,51.0550177;-114.0610156,51.054951;-114.0607367,51.0548439;-114.0604913,51.054721;-114.0602766,51.0546138;-114.0601567,51.0545629;-114.0600857,51.0545426
Residential Street|2 AV NE|B|-114.0600857,51.0545426;-114.0600818,51.0545185;-114.0600729,51.0544955;-114.0600561,51.0544732;-114.0600325,51.0544534;-114.0600098,51.0544404;-114.0599862,51.0544286;-114.0599576,51.0544193;-114.0599232,51.0544112;-114.0598731,51.0544081;-114.0593969,51.0544062;-114.0589207,51.0544043;-114.0582725,51.0544017;-114.0577524,51.0543996;-114.0576243,51.0543991
Residential Street|1 ST NE|B|-114.0600857,51.0545426;-114.0600859,51.0545921;-114.0600865,51.0547123;-114.0600871,51.0548556
Arterial Street|EDMONTON TR NE|FT|-114.0502954,51.0527898;-114.0502959,51.0529112;-114.0502964,51.0530326;-114.050297,51.053154;-114.0502971,51.0531929;-114.0502975,51.0532754
Urban Boulevard|EDMONTON TR NE|FT|-114.0502975,51.0532754;-114.0502965,51.0533623;-114.0502945,51.0535274;-114.050303,51.0536522;-114.0503212,51.0537915;-114.0503394,51.0538864;-114.0503772,51.0540007;-114.0504275,51.0541079;-114.0505027,51.0542287;-114.0505864,51.0543289;-114.0506743,51.0544194;-114.0507552,51.054495;-114.0508656,51.05458;-114.0508973,51.0546045;-114.0510078,51.054684
Residential Street|2 AV NE|B|-114.0517174,51.0546837;-114.0510078,51.054684
Urban Boulevard|EDMONTON TR NE|FT|-114.0510078,51.054684;-114.051457,51.0549944;-114.0516829,51.055155;-114.0517828,51.0552081;-114.0518311,51.0552309;-114.051928,51.0552655
Arterial Street|5 ST SW|FT|-114.0738971,51.0458459;-114.0738982,51.0457838;-114.0738991,51.0457306;-114.073901,51.0456153;-114.0739029,51.0455;-114.0739048,51.0453846
Lanes (Alleys)|FT|-114.0739048,51.0453846;-114.074031,51.0453881;-114.074519,51.0454013;-114.0751332,51.045418;-114.0757474,51.0454347;-114.0762188,51.0454475;-114.0763616,51.0454513
Urban Boulevard|10 AV SW|B|-114.0715262,51.0435642;-114.071655,51.0435671;-114.0719692,51.0435741;-114.0724994,51.0435883;-114.0733754,51.043614;-114.0738815,51.0436322;-114.0740262,51.0436375
Urban Boulevard|10 AV SW|B|-114.0681408,51.0434717;-114.0682795,51.0434747;-114.0690529,51.0434916;-114.0697468,51.0435116;-114.0706505,51.0435372;-114.0713947,51.0435601;-114.0715262,51.0435642
Arterial Street|9 AV SW|FT|-114.0763923,51.0449927;-114.076268,51.0449858;-114.0759435,51.0449679;-114.075079,51.0449422;-114.0744934,51.0449266;-114.0741216,51.0449171;-114.0740236,51.0449146
Arterial Street|9 AV SW|FT|-114.0740236,51.0449146;-114.0738688,51.044908
Urban Boulevard|3 ST SW|FT|-114.0704595,51.0452861;-114.0704679,51.0451663;-114.0704762,51.0450464;-114.0704845,51.0449266;-114.0704862,51.044902;-114.0704928,51.0448068
Arterial Street|9 AV SW|FT|-114.0704928,51.0448068;-114.0698819,51.0447944;-114.069271,51.0447819;-114.0686601,51.0447695;-114.0681754,51.0447596;-114.0681036,51.0447582;-114.0680492,51.0447571
Arterial Street|5 ST SW|FT|-114.0739048,51.0453846;-114.0738763,51.0453277;-114.073856,51.0452688;-114.0738465,51.0452118;-114.0738541,51.0450958;-114.0738607,51.0450111;-114.0738688,51.044908
Arterial Street|5 ST SW|FT|-114.0739048,51.0453846;-114.0739355,51.0453434;-114.0739635,51.0452893;-114.073979,51.0452382;-114.0740036,51.045077;-114.0740129,51.0450016;-114.0740236,51.0449146
Arterial Street|4 ST SW|FT|-114.0714947,51.0430891;-114.0715026,51.0432079;-114.0715104,51.0433267;-114.0715183,51.0434454;-114.0715204,51.043477;-114.0715262,51.0435642
Arterial Street|4 ST SW|FT|-114.0714668,51.0452302;-114.0714736,51.0452999;-114.0714861,51.0453618;-114.0715294,51.0454521
Arterial Street|4 ST SW|FT|-114.0715294,51.0454521;-114.0715305,51.0457153;-114.0715308,51.0457954
Lanes (Alleys)||B|-114.0742558,51.0403109;-114.0741412,51.0403079;-114.0728687,51.0402756;-114.0728476,51.0406765;-114.0728433,51.040758
Arterial Street|9 AV SW|FT|-114.0788594,51.04505;-114.0787291,51.0450508;-114.0784984,51.0450524;-114.078115,51.0450413;-114.0777316,51.0450302;-114.0773482,51.0450191
Arterial Street|9 AV SW|FT|-114.0773482,51.0450191;-114.0771092,51.0450125;-114.0768702,51.0450059;-114.0766312,51.0449993;-114.0765791,51.0449979;-114.0763923,51.0449927
Arterial Street|9 AV SW|FT|-114.0680492,51.0447571;-114.0679431,51.0447541;-114.0679108,51.0447531;-114.0669536,51.0447261;-114.0656882,51.0446902;-114.0655841,51.0446873
Lanes (Alleys)||B|-114.0655429,51.0451416;-114.0656498,51.0451451;-114.065949,51.0451549;-114.0663551,51.0451682;-114.0667612,51.0451815;-114.0671673,51.0451948
Lanes (Alleys)||FT|-114.0714668,51.0452302;-114.0714445,51.0452588;-114.0714098,51.0452808;-114.0713953,51.0452847;-114.0713706,51.0452914;-114.071328,51.045295;-114.071291,51.045295;-114.0706004,51.0452763;-114.070568,51.0452772;-114.0705499,51.0452778;-114.0705141,51.0452813;-114.0704595,51.0452861
Lanes (Alleys)||FT|-114.0704595,51.0452861;-114.070504,51.0452927;-114.0705533,51.0452983;-114.0705663,51.0452991;-114.0705993,51.0453011;-114.0713303,51.0453197;-114.0713594,51.0453233;-114.0713813,51.0453289;-114.0713841,51.0453296;-114.0714077,51.0453402;-114.0714301,51.0453522;-114.0715294,51.0454521
Arterial Street|4 AV SW|FT|-114.0676976,51.0494771;-114.0677509,51.0494781;-114.0678382,51.0494799;-114.0686717,51.0494967;-114.0693294,51.0495187;-114.0699534,51.0495395;-114.0700069,51.0495413;-114.0701233,51.0495452
Arterial Street|4 AV SW|FT|-114.0701233,51.0495452;-114.0702196,51.0495489;-114.070474,51.0495587;-114.0708247,51.0495722;-114.0711754,51.0495857;-114.0713655,51.0495931;-114.0715261,51.0495992
Residential Street|3 ST SW|B|-114.0700616,51.0504939;-114.0700638,51.0503962;-114.0700658,51.0503064;-114.0700707,51.050215;-114.0700833,51.050167;-114.070101,51.0501077;-114.0701111,51.0500548;-114.0701211,51.0499907;-114.0701083,51.0499042;-114.0701006,51.0498257;-114.0701081,51.049728;-114.0701149,51.0496463;-114.0701233,51.0495452
Arterial Street|5 AV SW|FT|-114.0714931,51.0486407;-114.0713819,51.0486377;-114.0711604,51.0486317;-114.0708277,51.0486226;-114.0704949,51.0486136;-114.0702871,51.048608;-114.0701622,51.0486046
Arterial Street|5 AV SW|FT|-114.0701622,51.0486046;-114.0700585,51.0486012;-114.069201,51.0485732;-114.0683351,51.0485529;-114.0679019,51.0485395;-114.0678319,51.0485373;-114.0677799,51.0485357
Urban Boulevard|3 ST SW|FT|-114.0701233,51.0495452;-114.070132,51.0494431;-114.0701416,51.0493302;-114.0701542,51.0492293;-114.0701718,51.0491588;-114.0701895,51.0490963;-114.0701919,51.0490242;-114.070169,51.0489681;-114.0701613,51.0489201;-114.0701611,51.0488175;-114.0701617,51.0487064;-114.0701622,51.0486046
Arterial Street|6 AV SW|FT|-114.0678472,51.0475923;-114.0678998,51.047593;-114.0679707,51.047594;-114.068491,51.0476011;-114.0691106,51.0476216;-114.06972,51.0476388;-114.0701562,51.0476491;-114.0702607,51.0476516
Arterial Street|6 AV SW|FT|-114.0702607,51.0476516;-114.0703792,51.0476558;-114.0705689,51.0476625;-114.0708771,51.0476735;-114.0711852,51.0476844;-114.0713745,51.0476912;-114.0714934,51.0476954
Urban Boulevard|3 ST SW|FT|-114.0701622,51.0486046;-114.0701747,51.0485027;-114.0701873,51.0484006;-114.0701998,51.0483076;-114.0702201,51.0482564;-114.0702454,51.0482067;-114.070258,51.0481426;-114.0702553,51.0480753;-114.0702451,51.048008;-114.0702374,51.0479504;-114.0702448,51.0478366;-114.0702528,51.0477438;-114.0702607,51.0476516
Urban Boulevard|3 ST SW|FT|-114.0702607,51.0476516;-114.0702701,51.0475547;-114.0702798,51.0474548;-114.0702796,51.0473635;-114.070277,51.0472898;-114.0702693,51.0472209;-114.0702702,51.0471805
Urban Boulevard|3 ST SW|FT|-114.0702702,51.0471805;-114.07029,51.0470882;-114.0703188,51.0470057;-114.0703449,51.0468979;-114.070355,51.0468037;-114.0703553,51.0467959;-114.0703583,51.0467248;-114.070359,51.0467073
Residential Street||B|-114.0621337,51.0518854;-114.0621495,51.0518329;-114.0621531,51.0518209;-114.0621691,51.0517493;-114.0621829,51.0516549;-114.0622079,51.0513987
Residential Street|2 AV SE|B|-114.0626385,51.0512335;-114.0624969,51.0512284;-114.0620834,51.0512133;-114.0616867,51.0512044;-114.0613065,51.0511876;-114.0609828,51.0511811
Urban Boulevard|RIVERFRONT AV SE|B|-114.0600774,51.0511756;-114.0598923,51.0511334;-114.0596455,51.051077;-114.059135,51.0509613;-114.0586411,51.0508494;-114.0581868,51.0507468;-114.0578399,51.0506717
Urban Boulevard|1 ST SE|FT|-114.0600774,51.0511756;-114.0601336,51.0510522;-114.0601407,51.0510366;-114.0601551,51.0509871;-114.0602469,51.0502176
Urban Boulevard|4 ST SE|FT|-114.0531439,51.0462153;-114.0531073,51.0462822;-114.053104,51.0462912;-114.0530863,51.0463397;-114.0530738,51.0464025;-114.0530727,51.0464243;-114.0530699,51.0464814;-114.0530656,51.0465669;-114.0530674,51.0466074;-114.0530849,51.0466563;-114.05311,51.0466899
Residential Street|15 AV SE|FT|-114.0610857,51.0385258;-114.0609447,51.038522;-114.0606932,51.0385151;-114.0603008,51.0385044;-114.0599083,51.0384938;-114.0595158,51.0384831
Residential Street|15 AV SE|B|-114.0595158,51.0384831;-114.0591905,51.0384758
Residential Street|15 AV SE|FT|-114.0595158,51.0384831;-114.0594092,51.0384581;-114.0592832,51.0384279;-114.0591982,51.0384089;-114.0591092,51.0383986;-114.0590051,51.0383934;-114.0588996,51.0383935;-114.0588393,51.0384004;-114.0588236,51.0384048;-114.0587887,51.0384143;-114.0586301,51.0384378
Lanes (Alleys)||FT|-114.0654839,51.0460933;-114.0653466,51.0460894;-114.0648587,51.0460756;-114.0642336,51.0460579;-114.0636084,51.0460402;-114.0631293,51.0460266;-114.0629833,51.0460225
Lanes (Alleys)||B|-114.0543934,51.0467262;-114.054365,51.047078
Urban Boulevard|6 AV SE|B|-114.0555219,51.0472429;-114.0553027,51.0472367;-114.0543591,51.0472099;-114.0532478,51.0471696;-114.0530761,51.0471634
Urban Boulevard|4 ST SE|FT|-114.05311,51.0466899;-114.0531506,51.0466544;-114.0531702,51.0466173;-114.0531785,51.0465537;-114.0531859,51.0464316;-114.0531862,51.0464077;-114.0531867,51.0463636;-114.0531862,51.0463597;-114.053181,51.0463115;-114.0531743,51.0462868;-114.0531655,51.0462549;-114.0531439,51.0462153
Urban Boulevard|7 AV SE|B|-114.0555904,51.0462855;-114.0553122,51.0462776;-114.053823,51.0462351;-114.0536534,51.0462301;-114.0533133,51.0462203;-114.0531439,51.0462153
Residential Street|8 ST SE|B|-114.0407011,51.0446323;-114.0407364,51.0445727;-114.0408046,51.0444604;-114.0408649,51.0443621;-114.0409245,51.0442614;-114.040931,51.0442506;-114.0409736,51.0441803
Residential Street|6 ST NE|B|-114.0483635,51.0519015;-114.0483597,51.052025;-114.048356,51.0521486;-114.0483522,51.0522721;-114.0483485,51.0523956
Residential Street|6 ST NE|B|-114.0483485,51.0523956;-114.0483598,51.0527882
Residential Street|6A ST NE|B|-114.0470264,51.0519825;-114.0470211,51.0523168;-114.04702,51.0523824
Residential Street|6A ST NE|B|-114.04702,51.0523824;-114.0470206,51.0524441;-114.0470222,51.0526047;-114.0470244,51.0528269;-114.0470265,51.0530491;-114.0470279,51.0531931;-114.0470287,51.0532714
Lanes (Alleys)||B|-114.0463604,51.05327;-114.0463606,51.0531915;-114.0463619,51.0526834;-114.0463707,51.0524345;-114.0463725,51.0523834
Residential Street|7 ST NE|B|-114.0456948,51.0523823;-114.0456956,51.0524406;-114.0456981,51.0526038;-114.0457015,51.0528253;-114.0457049,51.0530468;-114.0457072,51.0532006;-114.0457083,51.0532683
Lanes (Alleys)||B|-114.0457029,51.0517046;-114.0458268,51.0517197;-114.0463464,51.0517828;-114.0463813,51.0517911;-114.0464054,51.0518021;-114.046425,51.0518158
Residential Street|7 ST NE|B|-114.0457029,51.0517046;-114.0457008,51.051874;-114.0456988,51.0520435;-114.0456968,51.0522129;-114.0456956,51.0523129;-114.0456948,51.0523823
Lanes (Alleys)||B|-114.0450354,51.053267;-114.0450353,51.0531937;-114.0450348,51.0528146;-114.0450194,51.0526838;-114.0450235,51.0523787
Residential Street|7A ST NE|B|-114.0443672,51.0523781;-114.0443672,51.0524877;-114.0443672,51.0526001;-114.0443673,51.052822;-114.0443673,51.053044;-114.0443673,51.0531927;-114.0443674,51.053266
Residential Street|CENTRE AV NE|B|-114.0483485,51.0523956;-114.0482436,51.0523946;-114.0480163,51.0523923;-114.0476842,51.052389;-114.0473521,51.0523857;-114.0471422,51.0523836;-114.04702,51.0523824
Residential Street|CENTRE AV NE|B|-114.04702,51.0523824;-114.0469062,51.0523826;-114.0463725,51.0523834
Residential Street|CENTRE AV NE|B|-114.0463725,51.0523834;-114.0458256,51.0523825;-114.0456948,51.0523823
Residential Street|CENTRE AV NE|B|-114.0456948,51.0523823;-114.045576,51.0523816;-114.0450235,51.0523787
Residential Street|CENTRE AV NE|B|-114.0450235,51.0523787;-114.0447048,51.0523784;-114.0445016,51.0523779;-114.0444546,51.052378;-114.0443672,51.0523781
Residential Street|2 ST NE|B|-114.0575641,51.0535599;-114.0575855,51.0535849;-114.0576023,51.0536113;-114.0576033,51.0536137;-114.0576141,51.0536388;-114.0576208,51.0536669;-114.0576225,51.0536892;-114.0576205,51.0537149;-114.0576218,51.0539525
Residential Street|1 AV NE|B|-114.0575641,51.0535599;-114.0575432,51.0535503;-114.0575202,51.0535427;-114.0574958,51.0535373;-114.0574838,51.0535358;-114.0574704,51.0535341;-114.0574361,51.0535335;-114.0563715,51.0535271;-114.0561204,51.0535092
Skeletal Road|MEMORIAL DR NE|FT|-114.0477387,51.0500187;-114.047835,51.050073;-114.0478954,51.0501067;-114.0480456,51.0501922;-114.0488007,51.0505872
Arterial Street|5 AV SE|FT|-114.0531192,51.0484746;-114.0530784,51.0484884;-114.0529468,51.04852;-114.0528908,51.0485334;-114.0528257,51.0485491;-114.0528255,51.0485491;-114.0528136,51.048552;-114.0527996,51.0485558;-114.0525391,51.0486279;-114.0523283,51.0486945;-114.0520759,51.0487844;-114.0518487,51.0488795;-114.0517855,51.0489116;-114.0516985,51.0489557;-114.0516919,51.048959;-114.0516502,51.0489801;-114.0516045,51.0490076;-114.0515533,51.0490383;-114.0514517,51.0490994;-114.0514294,51.0491145;-114.0514085,51.0491287;-114.0512508,51.0492356;-114.0510793,51.0493734;-114.0508891,51.0495587;-114.0507316,51.0497363
Arterial Street|5 AV SE|FT|-114.0507316,51.0497363;-114.050659,51.0498518;-114.0505968,51.0499648;-114.0505843,51.0499879;-114.0505634,51.0500251
Arterial Street|5 AV SE|FT|-114.0507316,51.0497363;-114.0506568,51.0498036;-114.0505951,51.0498621;-114.0505304,51.0499299;-114.0505019,51.0499621;-114.0504727,51.049995
Arterial Street|5 AV SE|FT|-114.0504727,51.049995;-114.050402,51.0500646;-114.0503558,51.0501075;-114.0503218,51.0501354;-114.0502909,51.0501601;-114.0502248,51.0502038;-114.0501836,51.050227;-114.0501101,51.0502613;-114.0500395,51.0502855;-114.0499631,51.0503069;-114.0498866,51.0503199;-114.0498145,51.0503292;-114.0497557,51.0503311;-114.0496969,51.050333;-114.0496336,51.0503274;-114.0495606,51.0503227;-114.0494723,51.0503135;-114.0493753,51.0503015;-114.0492752,51.0502857;-114.0491767,51.05027;-114.0490869,51.0502552;-114.0489913,51.0502376;-114.0488942,51.0502191;-114.0488177,51.0502043;-114.0487579,51.0501923
Skeletal Road|MEMORIAL DR NE|FT|-114.0488007,51.0505872;-114.0491086,51.0507497;-114.04927,51.0508339;-114.0494432,51.050917;-114.049455,51.0509226;-114.0495276,51.0509556;-114.0495709,51.0509753;-114.0496669,51.0510111;-114.0497366,51.0510333;-114.0498122,51.0510573;-114.0499531,51.0510934;-114.0501282,51.0511267;-114.0501424,51.0511294;-114.0502971,51.0511496;-114.0502979,51.0511497;-114.050427,51.0511589;-114.0504549,51.05116;-114.0505385,51.0511635;-114.0506647,51.0511615;-114.0507747,51.0511559;-114.0509059,51.0511466;-114.051054,51.0511308;-114.0512212,51.0510993;-114.0513738,51.051065;-114.0514683,51.0510351;-114.051494,51.051027;-114.0515849,51.0509924;-114.0515909,51.0509901;-114.0516084,51.0509834;-114.0517128,51.0509387;-114.0517404,51.0509269;-114.0518139,51.0508888;-114.0518525,51.0508688;-114.0518547,51.0508676;-114.051983,51.050792;-114.0520224,51.0507632;-114.0520856,51.0507169;-114.0521808,51.0506368;-114.0522088,51.0506132;-114.0522115,51.0506108;-114.0523008,51.0505315;-114.0523245,51.0505104;-114.0524535,51.0503752;-114.0526844,51.0501453;-114.0528207,51.0500083;-114.0529526,51.0498823;-114.0530402,51.0498001;-114.0530883,51.0497666;-114.0531208,51.0497439;-114.0531255,51.0497407;-114.0531909,51.0496841;-114.0532579,51.0496387;-114.0533033,51.0496079;-114.0533087,51.0496042;-114.0533933,51.0495582;-114.0534477,51.0495286;-114.053493,51.049504;-114.0536591,51.0494221
Arterial Street|4 AV SE|FT|-114.0536591,51.0494221;-114.053811,51.0493568;-114.0539202,51.0493182;-114.0540698,51.0492718;-114.054234,51.0492329;-114.0544232,51.0491986;-114.0545684,51.0491846;-114.0547239,51.0491744;-114.0547489,51.0491742;-114.0550181,51.0491724;-114.055277,51.0491727;-114.0553975,51.0491728
Arterial Street|9 AV SW|FT|-114.071357,51.0448254;-114.0710774,51.0448161;-114.0708826,51.044813;-114.0706877,51.0448099;-114.0706007,51.0448085;-114.0704928,51.0448068
Urban Boulevard|CENTRE ST S|B|-114.0626008,51.0517974;-114.0626128,51.0516008;-114.0626214,51.0514783;-114.0626299,51.0513559;-114.0626316,51.0513325;-114.0626385,51.0512335
Urban Boulevard|CENTRE ST N|B|-114.0624531,51.0552506;-114.062452,51.0553044;-114.0624455,51.0556218
Arterial Street|4 ST NE|FT|-114.0517124,51.0543751;-114.0517127,51.0541516;-114.051713,51.053928;-114.0517133,51.0537045;-114.0517136,51.0534809
Arterial Street|4 ST NE|FT|-114.0517136,51.0534809;-114.0517136,51.0534736;-114.0517134,51.0533492;-114.0517133,51.0532755
Residential Street|3 AV NE|B|-114.0538757,51.0552755;-114.0529019,51.0552705;-114.0524426,51.0552681
Residential Street|3 ST NE|B|-114.054333,51.0548275;-114.054332,51.0550497;-114.0543309,51.055272;-114.0543305,51.0553532;-114.0543298,51.0554943;-114.0543288,51.0557166
Lanes (Alleys)||B|-114.0796818,51.0423683;-114.0791745,51.0423522;-114.0790442,51.0423481
Arterial Street|4 ST NE|FT|-114.0517086,51.0514361;-114.0517608,51.0513332;-114.0517994,51.0512562;-114.051814,51.0512295;-114.0518289,51.0512064;-114.0518409,51.0511901;-114.0518592,51.0511704;-114.05188,51.0511508;-114.051884,51.051147;-114.0519067,51.05113;-114.0519293,51.0511172;-114.0519567,51.0511056;-114.0519874,51.0510975;-114.0520218,51.0510903;-114.0520557,51.0510863;-114.0521058,51.0510857;-114.0521899,51.051085;-114.0522473,51.0510839
Arterial Street|4 ST NE|FT|-114.051707,51.0519178;-114.0517073,51.0518371;-114.0517074,51.0517973;-114.0517078,51.0516769;-114.0517082,51.0515565;-114.0517086,51.0514361
Arterial Street|4 ST NE|FT|-114.0517086,51.0514361;-114.0517059,51.0510782;-114.0517053,51.0510093
Lanes (Alleys)||B|-114.0545119,51.045781;-114.0543934,51.045777;-114.0539881,51.0457654;-114.0535828,51.0457539;-114.0533142,51.0457462;-114.0531774,51.0457423
Lanes (Alleys)||B|-114.0605501,51.0459536;-114.0604299,51.0459501;-114.0599662,51.0459364
Urban Boulevard|8 AV SE|B|-114.0605843,51.045479;-114.0604674,51.0454757;-114.0599703,51.0454615;-114.0593563,51.045444;-114.0587423,51.0454264;-114.058242,51.0454121;-114.0581282,51.0454088
Urban Boulevard|8 AV SE|B|-114.0630178,51.0455387;-114.0629138,51.0455309;-114.0628993,51.0455298;-114.0627999,51.0455241;-114.0626192,51.0455185;-114.0623018,51.04551;-114.0616434,51.0454912;-114.0611712,51.0454778;-114.0609349,51.0454706;-114.060869,51.0454693;-114.0607937,51.0454702;-114.0607511,51.0454715;-114.0606957,51.0454733;-114.0605843,51.045479
Residential Street|8 AV SE|B|-114.0532117,51.0452681;-114.0530271,51.0452629;-114.052247,51.0452408;-114.0512587,51.0452127;-114.050865,51.0452013;-114.0507542,51.0451981
Arterial Street|MACLEOD TR SE|FT|-114.0581927,51.0444777;-114.0581871,51.0445629;-114.0581852,51.0445921;-114.0581777,51.0447065;-114.0581702,51.0448209;-114.0581627,51.0449353
Arterial Street|MACLEOD TR SE|FT|-114.0581627,51.0449353;-114.0581541,51.0450537;-114.0581455,51.0451721;-114.0581369,51.0452905;-114.0581322,51.045354;-114.0581282,51.0454088
Arterial Street|MACLEOD TR SE|FT|-114.0581282,51.0454088;-114.0581196,51.0455273;-114.058111,51.0456458;-114.0581024,51.0457643;-114.0580937,51.0458828
Urban Boulevard|3 ST SE|B|-114.0556749,51.0453391;-114.0556827,51.0452326;-114.0556836,51.0452207;-114.0556922,51.0451022;-114.0557009,51.0449838;-114.0557096,51.0448654
Urban Boulevard|3 ST SE|B|-114.0557096,51.0448654;-114.0557134,51.0447509;-114.0557171,51.0446365;-114.0557209,51.0445221;-114.055722,51.0444889;-114.0557247,51.0444077
Urban Boulevard|3 ST SE|B|-114.0556421,51.0458125;-114.0556503,51.0456942;-114.0556585,51.0455758;-114.0556667,51.0454575;-114.0556749,51.0453391
Arterial Street|1 ST SE|FT|-114.0605501,51.0459536;-114.0605587,51.045835;-114.0605672,51.0457163;-114.0605758,51.0455977;-114.0605789,51.0455542;-114.0605843,51.045479
Arterial Street|1 ST SE|FT|-114.0605843,51.045479;-114.0605908,51.0453888;-114.0605928,51.0453606;-114.0606014,51.0452423;-114.0606099,51.0451239;-114.0606184,51.0450055
Arterial Street|1 ST SE|FT|-114.0606184,51.0450055;-114.0606266,51.044891;-114.0606348,51.0447765;-114.060643,51.044662;-114.0606445,51.0446407;-114.0606511,51.0445475
Urban Boulevard|4 ST SE|B|-114.0531774,51.0457423;-114.053186,51.0456238;-114.0531946,51.0455052;-114.0532032,51.0453867;-114.0532054,51.0453555;-114.0532117,51.0452681
Residential Street|5 ST SE|B|-114.0507881,51.0447236;-114.0508002,51.0446099;-114.0508122,51.0444962;-114.0508243,51.0443825;-114.0508278,51.0443498;-114.0508364,51.0442687
Residential Street|5 ST SE|B|-114.0507542,51.0451981;-114.0507593,51.0451279;-114.0507627,51.0450795;-114.0507712,51.0449609;-114.0507796,51.0448423;-114.0507881,51.0447236
Residential Street|5 ST SE|B|-114.0507179,51.0456958;-114.0507225,51.0456372;-114.0507292,51.0455531;-114.0507375,51.0454348;-114.0507459,51.0453164;-114.050749,51.0452724;-114.0507542,51.0451981
Residential Street|8 AV SE|B|-114.0507542,51.0451981;-114.0506261,51.0451941;-114.0501558,51.0451792;-114.0495573,51.0451603;-114.0489588,51.0451414;-114.04847,51.0451259;-114.0483603,51.0451225
Urban Boulevard|2 ST SW|FT|-114.0680492,51.0447571;-114.0680436,51.0448358;-114.068041,51.0448718;-114.0680329,51.0449866;-114.0680247,51.0451014;-114.0680165,51.0452162
Urban Boulevard|2 ST SW|FT|-114.0680165,51.0452162;-114.0680082,51.045332;-114.068,51.0454478;-114.0679917,51.0455636;-114.0679882,51.0456128;-114.0679835,51.0456794
