Residential Street|2 AV SW|B|-114.0783914,51.0516819;-114.0785377,51.051686;-114.0789711,51.0516982;-114.0794365,51.0517113
Residential Street|7 ST SW|B|-114.0784247,51.0512087;-114.0784361,51.0510472;-114.0784542,51.0508129;-114.07846,51.050738
Residential Street|7 ST SW|B|-114.0783914,51.0516819;-114.0783969,51.0516031;-114.0784108,51.0514063;-114.0784247,51.0512087
Residential Street|7 ST SW|B|-114.0783469,51.0523143;-114.0783707,51.0519762;-114.0783855,51.0517662;-114.0783914,51.0516819
Residential Street|2 AV SW|B|-114.0759316,51.0516127;-114.0760349,51.0516157;-114.0765196,51.0516296;-114.0771075,51.0516466;-114.0777495,51.0516642;-114.0782752,51.0516787;-114.0783914,51.0516819
Lanes (Alleys)||B|-114.0784247,51.0512087;-114.0783216,51.0512058;-114.0778109,51.0511912;-114.0771949,51.0511737;-114.0765789,51.0511562;-114.0760955,51.0511425;-114.0759629,51.0511387
Residential Street|3 AV SW|B|-114.0759984,51.0506656;-114.0761457,51.0506697;-114.0767018,51.0506855;-114.0774051,51.0507054;-114.0779325,51.0507217;-114.0783311,51.050734;-114.07846,51.050738
Residential Street|7 ST SW|B|-114.07846,51.050738;-114.0784667,51.0506509;-114.0784692,51.0506189;-114.0784784,51.0504997;-114.0784877,51.0503806;-114.0784969,51.0502614
Residential Street|2 AV SE|FT|-114.0609828,51.0511811;-114.0608554,51.0511814;-114.0608037,51.051191;-114.0607766,51.0511991;-114.0607326,51.0512321;-114.0607187,51.0512425;-114.0606295,51.051322
Residential Street|2 AV SE|FT|-114.0607524,51.051364;-114.0608063,51.0512785;-114.0608175,51.0512593;-114.0608247,51.0512469;-114.0608321,51.0512344;-114.0608505,51.0512211;-114.0608739,51.0512071;-114.0609121,51.0511931;-114.0609828,51.0511811
Urban Boulevard|RIVERFRONT AV SE|B|-114.0621337,51.0518854;-114.0614421,51.0516014;-114.0607936,51.0513782;-114.0607524,51.051364
Urban Boulevard|RIVERFRONT AV SE|B|-114.0607524,51.051364;-114.0606921,51.051344;-114.0606295,51.051322
Urban Boulevard|RIVERFRONT AV SE|B|-114.0606295,51.051322;-114.0604327,51.0512546;-114.060365,51.0512373;-114.0602232,51.0512051;-114.0601941,51.0511985;-114.0600774,51.0511756
Arterial Street|MACLEOD TR SE|FT|-114.05799,51.047313;-114.0579808,51.0474041;-114.0579696,51.0475146;-114.0579712,51.0475708
Arterial Street|MACLEOD TR SE|FT|-114.0579712,51.0475708;-114.0579483,51.047767;-114.0579485,51.0478951
Urban Boulevard|MACLEOD TR SE|FT|-114.0579712,51.0475708;-114.0580993,51.0476131;-114.0581255,51.0476297;-114.0581425,51.0476499;-114.0581441,51.0476702;-114.0581457,51.0477798;-114.0581365,51.0477955;-114.0581057,51.0478176;-114.0579855,51.0478775;-114.0579485,51.0478951
Arterial Street|MACLEOD TR SE|FT|-114.0579485,51.0478951;-114.0579312,51.0481363;-114.0579226,51.0482564
Urban Boulevard|3 ST SE|B|-114.0554589,51.048207;-114.055467,51.0480659;-114.0554754,51.0479193;-114.055515,51.0473436;-114.0555219,51.0472429
Residential Street|5 AV SE|FT|-114.0554589,51.048207;-114.0553111,51.0481916;-114.0552755,51.0481879;-114.0551143,51.0481733;-114.0549572,51.0481292;-114.0546986,51.0481151;-114.0543094,51.0480967;-114.0537015,51.0480792;-114.053349,51.0480679;-114.0531814,51.0480529;-114.0531165,51.0480465;-114.0529605,51.048031
Arterial Street|1 ST SE|FT|-114.0603563,51.0486782;-114.060374,51.0484279;-114.0603813,51.0483262
Arterial Street|1 ST SE|FT|-114.0603145,51.0492665;-114.0603212,51.0491723;-114.0603249,51.0491195;-114.0603354,51.0489724;-114.0603458,51.0488253;-114.0603563,51.0486782
Residential Street|1 ST SE|B|-114.0603563,51.0486782;-114.0601848,51.0486732;-114.0599798,51.0486673
Neighbourhood Boulevard|9 AV SE|FT|-114.0446535,51.0438889;-114.0445713,51.043857;-114.0444863,51.0438333;-114.0444373,51.043825;-114.0443524,51.0438226;-114.0442476,51.0438201;-114.0441241,51.0438132;-114.0440166,51.0438025;-114.0439317,51.0437966;-114.043843,51.043786;-114.0437675,51.0437812;-114.0435996,51.0437789
Collector|8 ST SE|B|-114.0414811,51.0433387;-114.0415319,51.0432546;-114.0416862,51.042999
Urban Boulevard|CENTRE ST S|B|-114.062538,51.0530812;-114.0625473,51.0528519;-114.0625554,51.0526863;-114.0625676,51.052436;-114.0625676,51.0524353;-114.0625821,51.0521389;-114.0625867,51.0520447;-114.0625876,51.0520265;-114.0625876,51.0520254;-114.0625878,51.0520211;-114.062588,51.0520171;-114.0625896,51.0519902;-114.0626008,51.0517974
Residential Street||B|-114.0568018,51.0504358;-114.0568082,51.0503607;-114.0568387,51.0500035
Urban Boulevard|RIVERFRONT AV SE|B|-114.0572487,51.0505374;-114.0568018,51.0504358
Urban Boulevard|RIVERFRONT AV SE|B|-114.0568018,51.0504358;-114.0564476,51.0503561;-114.0560934,51.0502764;-114.0557391,51.0501967;-114.0554864,51.0501346;-114.0553272,51.0500956
Residential Street||B|-114.0577855,51.0501004;-114.057668,51.0500976;-114.0571784,51.0500862
Urban Boulevard|MACLEOD TR SE|FT|-114.0578558,51.0491968;-114.0578495,51.0492922;-114.057819,51.0497609;-114.0578057,51.0499102;-114.0577924,51.0500595;-114.0577855,51.0501004
Urban Boulevard|MACLEOD TR SE|FT|-114.0577855,51.0501004;-114.0577438,51.0503484
Residential Street|2 AV NE|B|-114.0558619,51.0543918;-114.0556558,51.0543911;-114.0556253,51.0543807
Residential Street|MARSH RD NE|B|-114.0499839,51.0527903;-114.0495779,51.0527898;-114.0491719,51.0527892;-114.0487659,51.0527887;-114.0484808,51.0527883;-114.0483598,51.0527882
Residential Street|7 ST NW|B|-114.077846,51.0559244;-114.0781972,51.0561576
Residential Street|11 AV SE|B|-114.0483605,51.0419598;-114.0477271,51.0419775
Residential Street|EAU CLAIRE AV SW|B|-114.0734079,51.0525319;-114.0735325,51.0525354;-114.0740201,51.0525491
Residential Street|SADDLEDOME RI SE|B|-114.0537077,51.0382886;-114.0535649,51.0382849;-114.0535541,51.0382846;-114.0534363,51.0382815;-114.0533139,51.0382773;-114.0531337,51.0382724;-114.053027,51.0382692;-114.0528813,51.0382648;-114.0526721,51.0382591;-114.0523898,51.0382519;-114.0522897,51.0382481;-114.0521171,51.0382443;-114.0520353,51.0382415;-114.0519242,51.0382387;-114.0518445,51.0382365;-114.0517907,51.0382349;-114.0517373,51.038233;-114.0517006,51.0382319
Residential Street||B|-114.0501981,51.0387989;-114.0501925,51.0389361
Residential Street|5 ST SE|B|-114.0512001,51.038834;-114.0512031,51.0387038;-114.0512062,51.0385736;-114.0512093,51.0384434;-114.0512135,51.0383969
Residential Street|5 ST SE|B|-114.0512031,51.0391956;-114.0512024,51.0391054;-114.0512001,51.038834
Residential Street||B|-114.0514917,51.0388412;-114.051486,51.0389447;-114.0514874,51.0389521;-114.0514912,51.0389578;-114.0514987,51.0389636;-114.0515083,51.0389676;-114.0515173,51.0389694;-114.0515264,51.0389699;-114.0522561,51.0389876;-114.0522671,51.038987;-114.0522769,51.0389847;-114.0522845,51.0389813;-114.0522905,51.0389769;-114.0522951,51.0389712;-114.0522971,51.0389644;-114.052335,51.0384232
Residential Street||B|-114.052335,51.0384232;-114.0515552,51.0384045;-114.0515464,51.0384049;-114.0515395,51.038406;-114.0515339,51.0384077;-114.051529,51.0384098;-114.0515249,51.0384122;-114.0515211,51.0384152;-114.051518,51.0384188;-114.0515161,51.0384219;-114.051515,51.0384251;-114.0515145,51.0384284;-114.0514917,51.0388412
Residential Street|14 AV SE|B|-114.0536362,51.0392648;-114.0535107,51.0392616;-114.0533719,51.039258;-114.0531076,51.0392513;-114.0528432,51.0392445;-114.0525789,51.0392377
Residential Street||B|-114.0526247,51.0384262;-114.0525961,51.0389133;-114.0525807,51.039148;-114.0525806,51.0391525;-114.0525789,51.0392377
Residential Street|PRINCETON WY SW|B|-114.0740201,51.0525491;-114.0740161,51.0526054;-114.0739928,51.0529313;-114.074005,51.052969;-114.0740262,51.0530059;-114.0740497,51.0530362;-114.0740791,51.053066;-114.0741209,51.0530992;-114.0741458,51.0531155;-114.0741867,51.053138;-114.0742468,51.053164;-114.0742953,51.0531799;-114.0743378,51.0531909;-114.0743862,51.0532003;-114.0744181,51.0532048;-114.0744418,51.053207
Residential Street|PRINCETON WY SW|B|-114.0744418,51.053207;-114.074491,51.0532061;-114.0745376,51.0532023;-114.0745799,51.0531965;-114.0746234,51.053188;-114.0746607,51.0531785;-114.0746991,51.0531664;-114.074751,51.0531457;-114.0747851,51.0531287;-114.0748141,51.0531118;-114.0748308,51.0531008;-114.0748647,51.0530728;-114.0749215,51.0530167;-114.0749357,51.0530028;-114.07495,51.0529857;-114.0749542,51.052977;-114.0749572,51.0529637;-114.0749609,51.0529118;-114.0749803,51.0526395;-114.0749848,51.0525762
Residential Street|EAU CLAIRE AV SW|B|-114.0749848,51.0525762;-114.0752021,51.0525823;-114.0754194,51.0525885;-114.0756368,51.0525946;-114.0757092,51.0525966;-114.0758541,51.0526007
Residential Street|EAU CLAIRE AV SW|B|-114.0740201,51.0525491;-114.0742612,51.0525559;-114.0745024,51.0525627;-114.0747436,51.0525695;-114.0749848,51.0525762
Residential Street|LA CAILLE PL SW|B|-114.0783469,51.0523143;-114.0784525,51.0523227;-114.0784914,51.0523257;-114.0786811,51.0523356;-114.0788232,51.0523401;-114.0789183,51.0523411;-114.0789624,51.0523295;-114.0791042,51.0522405
Residential Street|CENTRE AV NE|B|-114.0443672,51.0523781;-114.0442889,51.0524071;-114.0442516,51.0524203;-114.0442474,51.0524218;-114.0442105,51.0524318;-114.0441701,51.0524407;-114.0441215,51.0524466;-114.0440618,51.0524492;-114.0439616,51.0524478;-114.0437541,51.0524478;-114.0434889,51.0524472;-114.0432961,51.0524469;-114.0431696,51.0524462;-114.0431326,51.0524462;-114.0430275,51.0524461
Residential Street|CENTRE AV NE|B|-114.0430275,51.0524461;-114.0429432,51.0524461;-114.0428144,51.0524462;-114.042393,51.052445;-114.0422626,51.0524463;-114.0421749,51.0524437;-114.0420947,51.0524391;-114.0420049,51.0524298;-114.0419246,51.0524171;-114.0418739,51.0524045;-114.0418337,51.0523978;-114.0417868,51.0523906;-114.0417862,51.0523905;-114.0417513,51.0523872;-114.0417239,51.0523839;-114.0416928,51.0523803
Residential Street|CENTRE AV NE|B|-114.0416928,51.0523803;-114.0416437,51.0523775;-114.0416072,51.0523767;-114.0415783,51.0523761;-114.0414324,51.0523747;-114.0412713,51.0523738;-114.0410003,51.0523729;-114.0406574,51.0523707;-114.0405004,51.0523698;-114.0403772,51.0523692
Residential Street|8 ST NE|B|-114.0430275,51.0524461;-114.0430276,51.0525139;-114.0430277,51.0525995;-114.043027,51.0528345;-114.0430272,51.0529941;-114.043029,51.0530881;-114.0430282,51.0531445;-114.0430298,51.0531809;-114.04303,51.0531854;-114.0430325,51.0532204;-114.0430369,51.0532628
Residential Street|8A ST NE|B|-114.0416928,51.0523803;-114.0416958,51.0524581;-114.0417077,51.0527646;-114.0417077,51.0530563
Residential Street|8A ST NE|B|-114.0417077,51.0530563;-114.0417078,51.053169;-114.0417077,51.0531775;-114.0417067,51.0532592
Residential Street|9 ST NE|B|-114.0403772,51.0523692;-114.0403771,51.0524356;-114.040377,51.0525392;-114.0403769,51.0527104;-114.0403768,51.0528817;-114.0403767,51.053053
Residential Street|9 ST NE|B|-114.0403767,51.053053;-114.0403766,51.0531791;-114.0403766,51.0532558
Residential Street|GENERAL AV NE|B|-114.0417077,51.0530563;-114.0415869,51.053056;-114.0413639,51.0530554;-114.0410348,51.0530546;-114.0407058,51.0530538;-114.0405049,51.0530533;-114.0403767,51.053053
Residential Street|7A ST NE|B|-114.0443342,51.0516227;-114.044334,51.0517139;-114.0443342,51.0518905;-114.0443344,51.0520997;-114.0443345,51.0522127;-114.0443368,51.0522606;-114.0443416,51.0522947;-114.0443493,51.0523282;-114.0443494,51.0523288;-114.0443573,51.0523524;-114.0443583,51.0523602;-114.0443672,51.0523781
Arterial Street|5 ST SW|FT|-114.0743994,51.0384228;-114.0743892,51.0383913;-114.0743795,51.0383613;-114.0743651,51.0383169;-114.0743514,51.0382747;-114.0743395,51.0382381;-114.0743274,51.0382006;-114.0743114,51.0381512;-114.074292,51.0380911;-114.074275,51.0380387;-114.0742645,51.0380061;-114.0742529,51.0379745;-114.0742373,51.0379309;-114.074231,51.0379134;-114.0742282,51.0379054;-114.0742181,51.0378773;-114.0742094,51.037853;-114.0742037,51.0378368
Residential Street|BARCLAY PR SW|B|-114.0699862,51.0517493;-114.0699989,51.0517283;-114.0700057,51.0517148;-114.0700142,51.0516857;-114.0700225,51.0515628;-114.0700223,51.0515428;-114.0700211,51.0514427
Residential Street|BARCLAY PR SW|B|-114.0698183,51.0520945;-114.0698313,51.0520878;-114.0698432,51.0520819;-114.0698577,51.0520722;-114.0698756,51.0520576;-114.069891,51.0520404;-114.0699029,51.0520231;-114.069914,51.0520016;-114.0699207,51.0519846;-114.0699249,51.0518902;-114.0699248,51.0518703;-114.0699282,51.0518541;-114.0699351,51.0518407;-114.0699862,51.0517493
Residential Street|2 ST SW|B|-114.067505,51.0533604;-114.0675049,51.0532533;-114.0675049,51.0531436;-114.067504,51.0523809;-114.0675039,51.0523115
Residential Street|2 ST SW|B|-114.0675013,51.0537098;-114.0674945,51.0535142;-114.0675005,51.0534271;-114.067505,51.0533604
Residential Street||B|-114.0699862,51.0517493;-114.0700372,51.0517837;-114.0700568,51.0518004;-114.0700671,51.0518101;-114.0700731,51.0518208;-114.0700774,51.0518332;-114.0700774,51.0518489;-114.0700547,51.0521157;-114.070048,51.0521296;-114.0700369,51.0521425;-114.070019,51.0521544;-114.0700002,51.0521625;-114.0699788,51.0521652;-114.0699549,51.0521636;-114.069931,51.0521571;-114.0699096,51.0521507;-114.0698882,51.052141;-114.0698566,51.0521227;-114.0698183,51.0520945
Residential Street||B|-114.0446535,51.0438889;-114.0446504,51.0439646;-114.0446491,51.0439959;-114.0446485,51.044007;-114.044638,51.044194
Residential Street||B|-114.0464483,51.0442263;-114.0465124,51.0440662;-114.0465124,51.0440647;-114.0465139,51.04402;-114.0465169,51.0439341
Neighbourhood Boulevard|9 AV SE|B|-114.048358,51.0440514;-114.0482372,51.0440369;-114.0479493,51.0440024;-114.0477194,51.0439826;-114.0474922,51.0439678;-114.0472899,51.0439587;-114.047081,51.0439513;-114.0468412,51.0439448;-114.0465169,51.0439341
Neighbourhood Boulevard|9 AV SE|FT|-114.0435996,51.0437789;-114.0438204,51.0438478;-114.043928,51.0438716;-114.0440876,51.0438977;-114.0442846,51.0439119;-114.0444204,51.0439161;-114.0445358,51.0439089;-114.0446535,51.0438889
Residential Street||B|-114.0440949,51.0441646;-114.0440113,51.0442395;-114.0440056,51.0442446;-114.0439776,51.0442547;-114.0439197,51.0442623
Residential Street||B|-114.0439197,51.0442623;-114.0437924,51.0442817;-114.0437297,51.0442986;-114.0436871,51.0443129;-114.0436551,51.0443255;-114.0436351,51.0443373;-114.0436218,51.0443481
Residential Street||B|-114.0436218,51.0443481;-114.0435965,51.0443777;-114.0435859,51.0444121;-114.0435859,51.044439;-114.0435926,51.0444575;-114.0436073,51.0444751
Arterial Street|12 AV SW|FT|-114.0766116,51.041809;-114.0764986,51.0418058;-114.076037,51.0417929
Arterial Street|12 AV SW|FT|-114.076037,51.0417929;-114.075568,51.0417798;-114.075099,51.0417667;-114.0746299,51.0417536;-114.074307,51.0417446;-114.0741609,51.0417405
Residential Street|6 ST SW|B|-114.076632,51.0415187;-114.076645,51.0413347
Residential Street|6 ST SW|B|-114.0766116,51.041809;-114.0766174,51.0417262;-114.076632,51.0415187
Residential Street||FT|-114.076037,51.0417929;-114.0760413,51.0417119;-114.0760423,51.0416934;-114.0760559,51.0416106;-114.0760708,51.0415768
Residential Street||FT|-114.0760708,51.0415768;-114.0761352,51.0415431;-114.076187,51.0415213;-114.0762491,51.0415103;-114.076306,51.0415081;-114.0765183,51.0415134;-114.0765218,51.0415136;-114.076632,51.0415187
Residential Street||B|-114.0760708,51.0415768;-114.075992,51.0415671;-114.0759258,51.041566
Lanes (Alleys)||B|-114.0801736,51.0512562;-114.079839,51.0512471;-114.0795044,51.051238;-114.0791699,51.0512289;-114.0788353,51.0512199
Lanes (Alleys)||B|-114.0788353,51.0512199;-114.078539,51.0512118;-114.0784247,51.0512087
Lanes (Alleys)||B|-114.0788353,51.0512199;-114.0788385,51.0511635;-114.0788461,51.0510569
Residential Street|3 AV SW|B|-114.07846,51.050738;-114.0785976,51.0507419;-114.0786637,51.0507438;-114.0788675,51.0507495;-114.0790712,51.0507552;-114.079275,51.050761
Residential Street|3 AV SW|B|-114.079275,51.050761;-114.0792923,51.0507614;-114.0797036,51.0507726
Residential Street||FT|-114.079275,51.050761;-114.0793115,51.0508282;-114.0793196,51.0508429;-114.0793425,51.0508649;-114.0793758,51.0508821;-114.07943,51.0508949;-114.0794877,51.0508971;-114.0795354,51.0508933;-114.0795786,51.0508838;-114.0796079,51.0508719;-114.0796347,51.050854;-114.0796488,51.0508374;-114.0797036,51.0507726
Residential Street||B|-114.0801736,51.0512562;-114.080243,51.0512249;-114.0802503,51.0511776;-114.0802689,51.0509384
Lanes (Alleys)||B|-114.0776777,51.0385113;-114.0774706,51.0385056;-114.0772635,51.0384998;-114.0770565,51.038494;-114.0769769,51.0384917;-114.0768494,51.0384882
Lanes (Alleys)||B|-114.079319,51.0385573;-114.0791931,51.0385538;-114.078979,51.0385478;-114.0786391,51.0385383;-114.0782991,51.0385287;-114.0779591,51.0385192
Lanes (Alleys)||B|-114.0779591,51.0385192;-114.0776777,51.0385113
Lanes (Alleys)||B|-114.0779591,51.0385192;-114.0779563,51.0385545;-114.077949,51.0386529
Lanes (Alleys)||B|-114.0776777,51.0385113;-114.0776793,51.0385449;-114.0776802,51.0386503
Residential Street||B|-114.0797561,51.0395209;-114.0798086,51.0394534;-114.0798156,51.0394365;-114.079823,51.0392461;-114.079819,51.0391721
Residential Street|2 AV SW|B|-114.0684318,51.0513978;-114.0687912,51.0514079;-114.0694062,51.0514253;-114.0699299,51.0514401;-114.0700161,51.0514426;-114.0700211,51.0514427
Residential Street|2 AV SW|B|-114.0675645,51.0513732;-114.0676374,51.0513753;-114.0676937,51.0513769;-114.0677305,51.0513779;-114.0681763,51.0513906;-114.0683264,51.0513947;-114.0684318,51.0513978
Residential Street||FT|-114.0684318,51.0513978;-114.0684089,51.051469;-114.0683998,51.0514976;-114.0683923,51.0515307;-114.0683894,51.0515847;-114.0683984,51.0515942;-114.0684319,51.0516139
Residential Street||FT|-114.0684319,51.0516139;-114.068472,51.0515847;-114.0684764,51.0515174;-114.0684664,51.0514706;-114.0684597,51.0514398;-114.0684318,51.0513978
Residential Street||FT|-114.0684319,51.0516139;-114.0679339,51.0515995;-114.0679232,51.0515992;-114.0678999,51.0516033;-114.0678905,51.051609;-114.0678847,51.0516161;-114.0678829,51.0516228;-114.0678641,51.0518891;-114.0678645,51.0518942;-114.0678672,51.0519001;-114.067873,51.0519059;-114.0678822,51.051911;-114.067893,51.0519139;-114.0679036,51.0519147;-114.0684099,51.0519293
Residential Street||FT|-114.0684319,51.0516139;-114.0684209,51.0517716;-114.0684099,51.0519293
Residential Street||FT|-114.0684099,51.0519293;-114.069012,51.0519466;-114.0690218,51.0519461;-114.0690325,51.0519436;-114.0690401,51.0519401;-114.0690458,51.0519358;-114.0690509,51.0519288;-114.0690524,51.0519211;-114.0690594,51.0518214;-114.0690603,51.0518172;-114.0690639,51.0518111;-114.0690696,51.0518061;-114.0690773,51.051802;-114.0690841,51.0517999;-114.0690918,51.0517986;-114.0691026,51.0517984;-114.0695907,51.0518124;-114.0696019,51.0518126;-114.0696117,51.0518113;-114.0696211,51.0518083;-114.0696273,51.051805;-114.0696328,51.0518002;-114.0696357,51.0517962;-114.0696378,51.051789;-114.069646,51.0516731;-114.0696452,51.051667;-114.0696421,51.0516613;-114.0696373,51.0516567;-114.0696291,51.0516519;-114.0696148,51.0516482;-114.0696092,51.0516478;-114.0684319,51.0516139
Parkway|MEMORIAL DR NW|FT|-114.0778094,51.0557872;-114.078148,51.0555867;-114.0786228,51.0553023;-114.0790577,51.0550413;-114.0795068,51.0547721
Parkway|MEMORIAL DR NW|FT|-114.0793824,51.0546899;-114.0789302,51.0549576;-114.0785099,51.0552076;-114.0779929,51.0555187;-114.0776797,51.0557046
Residential Street|14 AV SW|FT|-114.0653235,51.039588;-114.0657246,51.0396004;-114.0657936,51.0396013;-114.0659325,51.0396029
Residential Street|14 AV SW|FT|-114.0634702,51.039536;-114.0635923,51.0395394;-114.0648154,51.0395735;-114.0653235,51.039588
Parkway|MEMORIAL DR NW|B|-114.0778094,51.0557872;-114.0776797,51.0557046
Residential Street||B|-114.0653235,51.039588;-114.0653522,51.0396639;-114.0653529,51.0396727;-114.0653571,51.0397315;-114.0653543,51.0397821;-114.065337,51.0398114;-114.0653051,51.0398333
Residential Street||B|-114.0574615,51.039683;-114.0574085,51.0397311;-114.0573584,51.0397697;-114.0573268,51.039799;-114.0571857,51.0398952;-114.0569443,51.0400371;-114.0568676,51.0400804;-114.0568031,51.0401168;-114.0567241,51.0401738;-114.0566973,51.040193;-114.0566751,51.0402364;-114.0566598,51.0402923
Residential Street||B|-114.057763,51.0402974;-114.0577997,51.0402607;-114.0578106,51.0402264;-114.057811,51.0402219;-114.0578601,51.039725
Residential Street||B|-114.0578277,51.0396542;-114.0577705,51.0396527;-114.0576742,51.0396477;-114.0575589,51.0396396;-114.0575066,51.0396541;-114.0574615,51.039683
Residential Street||B|-114.0578277,51.0396542;-114.0578584,51.0396067;-114.0578464,51.0395752;-114.0577974,51.0395539;-114.0577344,51.039543;-114.0575637,51.0395417;-114.057525,51.0395689;-114.057495,51.0396034;-114.0574765,51.0396351;-114.0574615,51.039683
Residential Street|14 AV SW|FT|-114.0711182,51.0397455;-114.0713972,51.0397511;-114.0715221,51.0397536
Residential Street|14 AV SW|FT|-114.0683832,51.0396749;-114.0685088,51.0396783;-114.0697601,51.0397115;-114.0711182,51.0397455
Residential Street||B|-114.0711182,51.0397455;-114.071123,51.039833;-114.0711237,51.0398467;-114.0711139,51.039972
Urban Boulevard|1 ST SW|B|-114.0658579,51.0405529;-114.0658669,51.0404615;-114.0658766,51.0403637
Urban Boulevard|1 ST SW|B|-114.0658443,51.0407393;-114.0658503,51.0406571;-114.0658579,51.0405529
Urban Boulevard|1 ST SW|FT|-114.0658443,51.0407393;-114.0657886,51.0407783;-114.0657565,51.0412596;-114.0658066,51.0413027
Urban Boulevard|1 ST SW|B|-114.0657965,51.0415019;-114.065803,51.0413729;-114.0658066,51.0413027
Urban Boulevard|1 ST SW|B|-114.0659157,51.0397804;-114.0659242,51.0396907;-114.0659325,51.0396029
Urban Boulevard|1 ST SW|FT|-114.0659157,51.0397804;-114.0658587,51.039837;-114.0658252,51.0403263;-114.0658766,51.0403637
Urban Boulevard|1 ST SW|FT|-114.0658766,51.0403637;-114.0659337,51.0403236;-114.0659701,51.039836;-114.0659157,51.0397804
Urban Boulevard|1 ST SW|FT|-114.0658066,51.0413027;-114.0658693,51.0412532;-114.0658985,51.0407784;-114.0658443,51.0407393
Residential Street||B|-114.0501925,51.0389361;-114.0494498,51.0389236;-114.0494237,51.03892;-114.0493976,51.0389346;-114.0493678,51.0390634;-114.0493659,51.0390719;-114.04936,51.0391297
Residential Street||B|-114.0509003,51.0389578;-114.0506044,51.0389469;-114.0501925,51.0389361
Residential Street||B|-114.0501981,51.0387989;-114.0502174,51.0385344;-114.0502462,51.0381293
Residential Street||B|-114.0491096,51.038655;-114.0492623,51.0386815;-114.0493945,51.0387209;-114.049472,51.0387616;-114.0495451,51.0387859;-114.0496525,51.0387913;-114.0496762,51.0387926
Residential Street||B|-114.0496762,51.0387926;-114.0499105,51.0388048;-114.0501981,51.0387989
Residential Street||B|-114.0502462,51.0381293;-114.0501756,51.0382089;-114.0500848,51.0383174;-114.0499568,51.0384658;-114.049831,51.0386125;-114.0497296,51.0387301;-114.0496762,51.0387926
Residential Street|5 ST SE|FT|-114.0508652,51.038222;-114.0509436,51.0382218;-114.0510014,51.0382296;-114.0510204,51.0382353;-114.0510603,51.0382474;-114.0511523,51.038285
Residential Street|5 ST SE|FT|-114.0511684,51.0381532;-114.051102,51.0381632;-114.0510486,51.0381665;-114.0510304,51.0381658;-114.0508695,51.0381593
Residential Street||B|-114.0536952,51.038456;-114.0535065,51.0384508;-114.0526247,51.0384262
Residential Street||B|-114.0510091,51.0388295;-114.0510658,51.0388308;-114.0512001,51.038834
