Residential Street||B|-114.0501981,51.0387989;-114.0504318,51.0388071;-114.0507224,51.0388176;-114.05082,51.0388251
Residential Street||FT|-114.05082,51.0388251;-114.0508823,51.0388441;-114.0509699,51.0388478;-114.0510091,51.0388295
Residential Street||FT|-114.0510091,51.0388295;-114.0509648,51.0388015;-114.0508898,51.0388;-114.05082,51.0388251
Residential Street||FT|-114.0512001,51.038834;-114.0512836,51.0388572;-114.0513323,51.0388587;-114.051437,51.0388619;-114.0514917,51.0388412
Residential Street||FT|-114.0514917,51.0388412;-114.051426,51.038821;-114.0513395,51.0388199;-114.0513047,51.0388195;-114.0512001,51.038834
Residential Street|STAMPEDE TR SE|B|-114.0537396,51.0378211;-114.0537456,51.0377662
Residential Street|STAMPEDE TR SE|B|-114.053721,51.038101;-114.0537384,51.0378403;-114.0537396,51.0378211
Residential Street||B|-114.0535655,51.0377543;-114.0535774,51.0377898;-114.0536028,51.03781;-114.0536282,51.0378196;-114.0537396,51.0378211
Residential Street||B|-114.0502462,51.0381293;-114.0502782,51.0376733;-114.0502826,51.0376337;-114.0502809,51.0376061;-114.0502752,51.0375788;-114.0502514,51.0375229
Residential Street|5 ST SE|B|-114.0508695,51.0381593;-114.050867,51.0381897;-114.0508652,51.038222
Lanes (Alleys)||B|-114.0762213,51.0473499;-114.0761106,51.0473464;-114.0757714,51.0473359;-114.0752266,51.0473245
Residential Street|9 ST NE|B|-114.0403759,51.049712;-114.040376,51.0498504;-114.0403761,51.0500254
Residential Street|9 ST NE|B|-114.0403761,51.0500254;-114.0403762,51.0500847;-114.0403764,51.0504738;-114.0403763,51.0508477;-114.0403763,51.0509149
Residential Street|9 ST NE|FT|-114.0403759,51.049712;-114.0404172,51.0496665;-114.0404586,51.0496183;-114.0404961,51.0495745;-114.0405284,51.0495447;-114.0405536,51.049526;-114.0405853,51.0495049;-114.0406147,51.0494893;-114.0406418,51.0494773;-114.0406723,51.0494634;-114.0407075,51.0494514;-114.0407415,51.0494423;-114.040785,51.0494326;-114.0408346,51.0494249;-114.0408767,51.0494198;-114.040928,51.0494147;-114.0409946,51.0494096;-114.0410868,51.0494041;-114.041175,51.0493986;-114.0412665,51.0493932;-114.0413725,51.0493873;-114.0415043,51.049379;-114.0415844,51.0493742;-114.0416428,51.0493709
Residential Street|MCPHERSON RD NE|B|-114.0421378,51.050025;-114.0421128,51.0500249;-114.0420857,51.0500249;-114.0420553,51.0500249;-114.0420226,51.050025;-114.0419919,51.0500251;-114.0419426,51.050025;-114.0418566,51.0500249;-114.0417823,51.0500252;-114.0416847,51.0500252;-114.041584,51.0500251;-114.0415578,51.0500251
Residential Street|MCPHERSON RD NE|B|-114.0415578,51.0500251;-114.0413575,51.0500251;-114.0411571,51.0500252
Residential Street|MCPHERSON RD NE|B|-114.0411571,51.0500252;-114.040764,51.0500253;-114.0404681,51.0500253;-114.0403761,51.0500254
Residential Street|MCPHERSON SQ NE|B|-114.0415578,51.0500251;-114.0415574,51.0500736;-114.0415577,51.0501018;-114.0415584,51.0501524;-114.0415581,51.0502288;-114.0415582,51.0502996;-114.0415579,51.0503203;-114.0415561,51.0503342;-114.0415505,51.0503487;-114.041539,51.0503675;-114.0415212,51.0503845;-114.0415055,51.0503963;-114.0414871,51.0504063;-114.0414634,51.0504158;-114.0414409,51.0504218;-114.0414149,51.0504266;-114.0413775,51.0504285;-114.0413375,51.0504279;-114.0413049,51.0504268;-114.0412845,51.050424;-114.0412564,51.0504169;-114.0412326,51.0504085;-114.0412139,51.0503986;-114.0411955,51.0503867;-114.0411793,51.0503709;-114.0411686,51.0503563;-114.0411624,51.0503425;-114.041157,51.0503254;-114.0411576,51.0503095;-114.0411573,51.050284;-114.0411569,51.0502121;-114.0411572,51.0501417;-114.0411568,51.0501086;-114.0411565,51.0500831;-114.0411571,51.0500252
Residential Street||B|-114.0477675,51.0411979;-114.0477682,51.0414378;-114.0477685,51.0416795;-114.0477684,51.0417812;-114.0477684,51.0418681;-114.0477685,51.0419027;-114.0477628,51.0419265;-114.0477496,51.0419515;-114.0477271,51.0419775
Residential Street||B|-114.0477271,51.0419775;-114.0477009,51.0419988;-114.0476602,51.0420231;-114.0475585,51.0420779;-114.0474108,51.042161;-114.0472267,51.0422637;-114.0471368,51.0423131;-114.0469584,51.0424128;-114.0468417,51.0424776;-114.0467314,51.0425398;-114.0466779,51.042569
Residential Street|1 AV NE|B|-114.0554468,51.0534983;-114.0550204,51.0534977;-114.0548496,51.0534958;-114.0546788,51.0534939;-114.0545079,51.053492;-114.0543371,51.0534901
Residential Street|BARCLAY WK SW|B|-114.0675013,51.0537098;-114.067696,51.0537093;-114.067988,51.0537085;-114.06803,51.0537084;-114.0680853,51.0537082
Residential Street|BARCLAY PR SW|B|-114.0693205,51.0527462;-114.069323,51.0523404;-114.0693253,51.0523138;-114.0693363,51.0522771;-114.069344,51.0522593;-114.069361,51.0522415;-114.0693832,51.0522243;-114.0694097,51.0522076;-114.0694515,51.0521908;-114.0695002,51.0521746;-114.0695608,51.0521595;-114.0697128,51.0521271;-114.0698183,51.0520945
Residential Street|BARCLAY PR SW|B|-114.067505,51.0533604;-114.0675842,51.0533593;-114.067645,51.0533588;-114.0677965,51.0533576;-114.0679702,51.0533575;-114.0680797,51.0533574;-114.0684845,51.0533572;-114.0685554,51.0533604;-114.0686212,51.0533658;-114.0686921,51.0533792;-114.0687554,51.053391;-114.0688092,51.0533953;-114.0688605,51.0533947;-114.068869,51.0533939;-114.0689168,51.0533893;-114.0689724,51.053378;-114.0690262,51.0533612;-114.0690689,51.0533423;-114.0691059,51.0533225;-114.0691426,51.0532972;-114.069175,51.0532702;-114.0692074,51.0532314;-114.069233,51.0531947;-114.0692551,51.0531608;-114.0692739,51.0531214;-114.0692892,51.0530869;-114.0692934,51.0530755;-114.0693001,51.0530577;-114.0693077,51.0530307;-114.0693145,51.0530016;-114.0693179,51.0529747;-114.0693187,51.0529466;-114.0693194,51.0528741;-114.0693205,51.0527462
Residential Street|8 ST SE|B|-114.0406353,51.0447415;-114.040654,51.044709;-114.0406762,51.0446729;-114.0407011,51.0446323
Residential Street|1 ST NE|B|-114.0600941,51.0561951;-114.0600954,51.0564941
Residential Street||B|-114.0801407,51.0513678;-114.0800117,51.0514477;-114.0800117,51.0514771;-114.0800428,51.0514925;-114.0802548,51.0514948;-114.080318,51.0514925;-114.0804319,51.0514882
Residential Street||B|-114.0798455,51.0513157;-114.080036,51.0513205;-114.0800929,51.0513344;-114.0801407,51.0513678
Residential Street||B|-114.0801407,51.0513678;-114.0802378,51.0514215;-114.0803232,51.0514638;-114.0803291,51.0514651;-114.0804319,51.0514882
Residential Street||B|-114.0801736,51.0512562;-114.0801756,51.0512952;-114.0801407,51.0513678
Residential Street|14 AV SW|FT|-114.0715221,51.0397536;-114.0716504,51.0397546;-114.0721241,51.0397584
Residential Street|MCPHERSON RD NE|FT|-114.0421378,51.050025;-114.0421784,51.0500251;-114.0422105,51.050026;-114.0422205,51.0500279;-114.0422406,51.0500315;-114.042264,51.0500379;-114.0422706,51.0500412;-114.0422835,51.0500444;-114.0422967,51.0500463;-114.0423096,51.0500468;-114.0423315,51.0500454
Residential Street|MCPHERSON RD NE|FT|-114.0423315,51.0500454;-114.0423572,51.0500406;-114.0423707,51.0500354;-114.0424031,51.0500143;-114.0424259,51.049998;-114.0424424,51.0499887;-114.0424702,51.0499751;-114.0425002,51.0499641;-114.0425425,51.0499514;-114.0425758,51.0499416;-114.0426028,51.0499334
Residential Street|MCPHERSON RD NE|FT|-114.0426028,51.0499334;-114.0425814,51.0499283;-114.0425283,51.0499207;-114.0424949,51.0499185;-114.0424744,51.0499184;-114.0424394,51.0499205;-114.0423873,51.0499274;-114.0423533,51.0499357;-114.0423317,51.049942;-114.0423088,51.0499501;-114.042281,51.0499616;-114.0422564,51.0499725;-114.0422273,51.0499854;-114.0422086,51.0499937;-114.0421921,51.050001;-114.0421607,51.0500149;-114.0421378,51.050025
Arterial Street|12 AV SW|FT|-114.0741609,51.0417405;-114.0740358,51.041737;-114.0730014,51.041708;-114.0726574,51.0416984
Arterial Street|12 AV SW|FT|-114.0726574,51.0416984;-114.0720763,51.0416821;-114.071684,51.0416711;-114.0714951,51.0416658
Residential Street|13 AV SW|B|-114.0714954,51.0407217;-114.0716617,51.0407261;-114.0718324,51.0407308;-114.0721693,51.0407399;-114.0725063,51.040749;-114.0727366,51.0407552
Residential Street|13 AV SW|B|-114.0727366,51.0407552;-114.0728433,51.040758
Residential Street||B|-114.0727366,51.0407552;-114.0727305,51.0408278;-114.0727168,51.040991;-114.072697,51.0412268;-114.0726772,51.0414626;-114.0726645,51.0416144;-114.0726574,51.0416984
Residential Street|7A ST NE|B|-114.0442106,51.05006;-114.0442103,51.0499965;-114.0442101,51.0499331
Residential Street|13 AV SE|B|-114.0570478,51.0403033;-114.0569491,51.0403005;-114.0568249,51.0402969;-114.0567733,51.0402954;-114.0567146,51.0402937;-114.0566598,51.0402923
Residential Street|13 AV SE|B|-114.057763,51.0402974;-114.0577325,51.0403092;-114.0576923,51.0403176;-114.0576617,51.0403201;-114.0570478,51.0403033
Residential Street|12 AV SE|FT|-114.0569805,51.0412522;-114.0564701,51.0412402;-114.0561052,51.0412279;-114.055966,51.0412232
Residential Street||B|-114.0569805,51.0412522;-114.0569915,51.0411202;-114.057,51.0410177;-114.0570146,51.0407796;-114.0570291,51.0405415;-114.0570427,51.0403679;-114.0570478,51.0403033
Residential Street|3 ST SE|B|-114.0560753,51.0406432;-114.0561644,51.0405518;-114.0562516,51.0404779;-114.0563333,51.040417;-114.0564262,51.0403689;-114.0565321,51.0403267;-114.0566598,51.0402923
Residential Street|14 AV SE|B|-114.0547148,51.039297;-114.0544516,51.0392899
Residential Street|14 AV SE|B|-114.0544516,51.0392899;-114.0539784,51.0392751;-114.0537705,51.0392688;-114.0536362,51.0392648
Residential Street|12 AV SE|FT|-114.055966,51.0412232;-114.0558392,51.0412195;-114.0553392,51.041205
Residential Street|12 AV SE|FT|-114.0553392,51.041205;-114.0551798,51.041201;-114.05499,51.0411954;-114.054843,51.0411907;-114.0546769,51.0411862
Residential Street|9 ST NE|B|-114.0403763,51.0509149;-114.0403763,51.0509845;-114.0403765,51.0512811;-114.0403768,51.0516446
Residential Street|9 ST NE|B|-114.0403768,51.0516446;-114.0403772,51.0522967;-114.0403772,51.0523692
Residential Street|ST MATTHEW SQ NE|B|-114.0403768,51.0516446;-114.0402565,51.0516446;-114.040242,51.0516446;-114.0401071,51.0516446;-114.0399535,51.0516447;-114.0397529,51.0516447;-114.0396476,51.0516447;-114.0395922,51.0516448
Residential Street|14 AV SW|FT|-114.0767504,51.0399106;-114.0779856,51.0399592;-114.078008,51.0399599
Residential Street|14 AV SW|FT|-114.078008,51.0399599;-114.0786024,51.0399765;-114.0790914,51.0399902;-114.0792192,51.0399938
Residential Street||B|-114.078008,51.0399599;-114.0780145,51.0398692;-114.0780315,51.0396306;-114.0780347,51.0396204;-114.0780419,51.0396121;-114.0780537,51.0396049;-114.0780667,51.0396007;-114.0780919,51.039599;-114.0785455,51.039612;-114.0789991,51.039625
Residential Street|3 ST SE|B|-114.055966,51.0412232;-114.0559703,51.0411634;-114.0559751,51.041099;-114.0559761,51.0410851;-114.0559797,51.041031;-114.0559855,51.0409561;-114.0559918,51.0408546;-114.0559993,51.0408108;-114.0560104,51.0407639;-114.0560326,51.0407241;-114.0560353,51.0407191;-114.0560753,51.0406432
Residential Street|14 AV SE|B|-114.0525789,51.0392377;-114.0522953,51.0392289;-114.0520223,51.0392206;-114.0517492,51.0392122;-114.0514762,51.0392039;-114.0513079,51.0391988;-114.0512031,51.0391956
Residential Street|WATERFRONT ME SW|B|-114.0661055,51.0523109;-114.0661055,51.053233;-114.0661062,51.0532578;-114.0661096,51.053278;-114.0661138,51.053296;-114.0661233,51.0533132;-114.0661335,51.0533252;-114.0661506,51.0533367;-114.0661778,51.0533487;-114.0662057,51.0533556;-114.0662397,51.053359;-114.0662724,51.0533603;-114.0663119,51.0533615;-114.0668284,51.0533611;-114.0673688,51.0533606;-114.067505,51.0533604
Residential Street|RIVERFRONT AV SW|B|-114.0661055,51.0523109;-114.0666308,51.0523118;-114.0668649,51.0523115;-114.067116,51.0523114;-114.0672495,51.0523116;-114.0673571,51.0523116;-114.0674365,51.0523117;-114.0675039,51.0523115
Urban Boulevard|8 AV SE|B|-114.0544794,51.0453046;-114.0543147,51.0452998;-114.0539471,51.0452893;-114.0535794,51.0452787;-114.0533741,51.0452728;-114.0532117,51.0452681
Residential Street|6 AV SE|B|-114.0489338,51.0470448;-114.0487831,51.0470406;-114.0487392,51.0470394;-114.0485671,51.0470277;-114.0484978,51.0470173;-114.0484582,51.0470028;-114.0484164,51.0469737
Residential Street|6 AV SE|B|-114.0506192,51.0470929;-114.0504785,51.0470889;-114.050222,51.0470816;-114.0498249,51.0470703;-114.0493794,51.0470575;-114.0490672,51.0470486;-114.0489338,51.0470448
Residential Street|CONFLUENCE WY SE|B|-114.0505765,51.0478146;-114.0504139,51.0477858;-114.0501962,51.0477473;-114.049816,51.0476801;-114.0494358,51.0476128;-114.0490556,51.0475455;-114.0490329,51.0475411;-114.049013,51.047535;-114.0489965,51.0475285;-114.0489812,51.047521;-114.0489488,51.0474999;-114.048934,51.047486;-114.0489152,51.0474577;-114.0489095,51.0474426;-114.0489078,51.0474322;-114.0489077,51.0474176;-114.0489282,51.0471254;-114.0489338,51.0470448
Residential Street|14 AV SE|B|-114.0598058,51.0394388;-114.0593105,51.0394253;-114.0589352,51.039415;-114.0587229,51.0394091;-114.0585598,51.0394046
Neighbourhood Boulevard|17 AV SW|B|-114.0742037,51.0378368;-114.0742264,51.0378367;-114.0742576,51.0378365;-114.0742827,51.0378364;-114.0743049,51.0378363
Arterial Street|5 ST SW|FT|-114.0743994,51.0384228;-114.0743976,51.0383977;-114.0743955,51.0383769;-114.0743929,51.0383505;-114.0743895,51.038317;-114.0743851,51.0382729;-114.0743788,51.0382096;-114.0743692,51.0381138;-114.0743641,51.0380617;-114.0743626,51.0380473;-114.0743605,51.0380325;-114.0743573,51.0380183;-114.0743522,51.0379982;-114.0743472,51.0379784;-114.0743372,51.0379392;-114.0743308,51.0379142;-114.0743282,51.0379042;-114.0743245,51.0378893;-114.0743186,51.0378709;-114.0743132,51.0378559;-114.0743049,51.0378363
Lanes (Alleys)||B|-114.0666256,51.0470763;-114.0671687,51.0470903;-114.0677118,51.0471043;-114.0677458,51.0471046;-114.0677736,51.0471049;-114.0678958,51.0471063
Lanes (Alleys)||B|-114.0613853,51.0469267;-114.0610942,51.0469182;-114.0606053,51.0469038;-114.0605813,51.0469031;-114.0604823,51.0469207
Lanes (Alleys)||B|-114.0737189,51.0482226;-114.0735948,51.0482196;-114.0735637,51.0482188;-114.0734087,51.0482151;-114.0731916,51.0482098;-114.0730158,51.0482056;-114.0728918,51.0482026;-114.0727677,51.0481995;-114.0726953,51.0481978
Residential Street|7 AV SE|B|-114.0531439,51.0462153;-114.0529826,51.0462109;-114.0526905,51.0462028;-114.052581,51.0461997;-114.0524177,51.046195
Residential Street|6 AV SE|B|-114.0523656,51.0471425;-114.051955,51.047131;-114.0515444,51.0471195;-114.0510818,51.0471062;-114.0507686,51.0470972;-114.0506192,51.0470929
Residential Street|RIVERFRONT LN SE|B|-114.0523656,51.0471425;-114.0523696,51.0470657;-114.0523781,51.0469063;-114.0523907,51.0466702
Residential Street|RIVERFRONT LN SE|B|-114.0523907,51.0466702;-114.0524042,51.0464326;-114.0524126,51.0462849;-114.0524177,51.046195
Urban Boulevard|RIVERFRONT AV SE|B|-114.0512687,51.0487598;-114.0512297,51.0487415;-114.0505671,51.0484316;-114.0505201,51.048405;-114.0504598,51.0483441;-114.0504393,51.0482965;-114.0504479,51.0482125;-114.0505264,51.0480333;-114.0505632,51.0479196;-114.0505633,51.0479193;-114.0505715,51.0478721;-114.0505765,51.0478146
Arterial Street|9 AV SE|B|-114.0532278,51.0442895;-114.0530549,51.044288;-114.0526637,51.0442846;-114.0520546,51.0442793;-114.0514455,51.044274;-114.0508364,51.0442687
Arterial Street|9 AV SE|B|-114.0557247,51.0444077;-114.0556545,51.0444043;-114.0556533,51.0444043;-114.0555946,51.0444015;-114.0555884,51.0444012;-114.0555859,51.0444011;-114.0551117,51.0443787;-114.0544986,51.0443497;-114.0538856,51.0443206;-114.0534057,51.0442979;-114.0532726,51.0442916;-114.0532278,51.0442895
Lanes (Alleys)||B|-114.0545207,51.0448313;-114.0542684,51.044824;-114.0539276,51.0448143;-114.0535868,51.0448045;-114.0533629,51.044798;-114.0532853,51.0447958;-114.053246,51.0447947;-114.0532271,51.0447941;-114.0532117,51.0447937
Lanes (Alleys)||B|-114.0532117,51.0447937;-114.0531962,51.0447932;-114.0530576,51.0447892;-114.0526315,51.0447769;-114.052017,51.0447592;-114.0514026,51.0447414;-114.0508948,51.0447267;-114.0507881,51.0447236
Urban Boulevard|4 ST SE|B|-114.0532117,51.0452681;-114.0532125,51.045168;-114.0532131,51.0450868;-114.0532158,51.0450228;-114.0532155,51.044932;-114.0532143,51.0448837;-114.0532129,51.0448443;-114.0532117,51.0447937
Urban Boulevard|4 ST SE|B|-114.0532117,51.0447937;-114.0532107,51.0447452;-114.0532091,51.0446703;-114.0532086,51.0446248;-114.0532097,51.0445456;-114.0532124,51.0444948;-114.0532152,51.044456;-114.0532184,51.044414;-114.0532196,51.0443986;-114.0532278,51.0442895
Residential Street|MCDOUGALL RD NE|B|-114.0423304,51.0507923;-114.0423298,51.0508176;-114.0423292,51.0508433;-114.0423261,51.0508565;-114.0423161,51.0508721;-114.0423042,51.0508856;-114.0422908,51.0508962;-114.0422763,51.050905;-114.0422609,51.0509118;-114.0422392,51.0509181;-114.0422241,51.0509214;-114.0421979,51.0509242;-114.0421606,51.0509241;-114.0421006,51.0509243;-114.0419932,51.0509237;-114.0418265,51.0509231;-114.0416513,51.0509228;-114.041439,51.0509223;-114.0413739,51.0509221
Residential Street|MCDOUGALL RD NE|B|-114.0413739,51.0509221;-114.0412611,51.0509217;-114.041081,51.0509214;-114.0408855,51.0509203;-114.040645,51.0509199;-114.0405326,51.0509195;-114.0404974,51.0509194;-114.0403763,51.0509149
Urban Boulevard|4 ST SE|B|-114.0515499,51.0488917;-114.0516144,51.048856;-114.0516886,51.0488149;-114.0519214,51.0486803;-114.0523422,51.0484832;-114.0524327,51.0484261;-114.0525382,51.0483595;-114.0526438,51.0482928
Urban Boulevard|4 ST SE|B|-114.0526438,51.0482928;-114.0527268,51.0482404;-114.052873,51.0481095;-114.0529605,51.048031
Urban Boulevard|RIVERFRONT AV SE|B|-114.0553272,51.0500956;-114.0551948,51.0500785;-114.0551493,51.0500699;-114.0550923,51.050059;-114.0545981,51.0499577;-114.0543509,51.049916;-114.0541718,51.0498879;-114.0540195,51.0498552;-114.0538547,51.0498101
Residential Street||B|-114.0535744,51.0402061;-114.0536953,51.0402086;-114.054018,51.0402153;-114.0541114,51.0402173;-114.0541931,51.0401791;-114.0542941,51.0401361;-114.0543625,51.0401081;-114.0544249,51.0400801
Residential Street||B|-114.0544516,51.0392899;-114.0544546,51.0394412;-114.0544486,51.039643;-114.0544249,51.0397177;-114.0544308,51.0398858;-114.0544249,51.0400801
Residential Street||B|-114.0550666,51.0390993;-114.0556816,51.0388023
Residential Street||B|-114.058027,51.0384482;-114.0580279,51.0384381;-114.0580477,51.0382081;-114.058067,51.0379881;-114.0580481,51.0379572;-114.05801,51.0379289
Residential Street||B|-114.0613609,51.0474086;-114.061366,51.047307;-114.0613853,51.0469267
Arterial Street|6 AV SE|FT|-114.0604486,51.0473828;-114.0605831,51.0473866;-114.0610568,51.0474;-114.0613609,51.0474086
Arterial Street|6 AV SE|FT|-114.0613609,51.0474086;-114.061665,51.0474172;-114.0622731,51.0474345;-114.0627357,51.0474476;-114.0628813,51.0474517
Residential Street|6 ST SE|B|-114.0483605,51.0419598;-114.0483612,51.0418745;-114.0483619,51.0418047;-114.0483618,51.0417441;-114.0483615,51.0413745;-114.0483612,51.0410885;-114.0483612,51.041005
Residential Street||B|-114.0547148,51.039297;-114.0550666,51.0390993
Lanes (Alleys)||B|-114.0544794,51.0453046;-114.0544746,51.0453732;-114.0544617,51.0455549;-114.0545213,51.0456651;-114.0545119,51.045781
Residential Street|6 AV SE|B|-114.0530761,51.0471634;-114.0529135,51.0471588;-114.0527936,51.0471553;-114.0527363,51.0471537;-114.0526978,51.0471526;-114.0525647,51.0471485
Residential Street|6 AV SE|B|-114.0525647,51.0471485;-114.0525188,51.0471471;-114.0524472,51.047145;-114.0523656,51.0471425
Residential Street||B|-114.0484164,51.0469737;-114.0483305,51.0470542;-114.0482634,51.0471171
Lanes (Alleys)||B|-114.0507179,51.0456958;-114.0505823,51.0456818;-114.0503852,51.0456615;-114.0503128,51.0456593;-114.0501338,51.0456541;-114.0495469,51.0456367;-114.0489599,51.0456194;-114.0484717,51.045605;-114.0483729,51.045602
Urban Boulevard|4 ST SE|B|-114.0531439,51.0462153;-114.0531512,51.0461295;-114.0531542,51.0460936;-114.0531619,51.0459765;-114.0531697,51.0458594;-114.0531774,51.0457423
Lanes (Alleys)||B|-114.0545207,51.0448313;-114.0544794,51.0453046
Urban Boulevard|6 AV SE|B|-114.05799,51.047313;-114.0578068,51.0473078;-114.0572125,51.0472909;-114.0568917,51.0472818;-114.0564351,51.0472689;-114.0559785,51.0472559;-114.055666,51.047247;-114.0555219,51.0472429
Residential Street||B|-114.0465157,51.0505716;-114.0464348,51.0505717;-114.0456456,51.050572
Residential Street|MCDOUGALL CO NE|B|-114.0465155,51.0504018;-114.0465157,51.0505716
Residential Street|MCDOUGALL CO NE|B|-114.0465157,51.0505716;-114.0465158,51.0507341;-114.0465159,51.0508142
Residential Street|6 ST SE|B|-114.0483595,51.0465538;-114.04836,51.0463164;-114.0483603,51.0461624;-114.0483605,51.0460789
Residential Street|6 ST SE|B|-114.0484164,51.0469737;-114.0483922,51.0469432;-114.0483756,51.0469134;-114.0483594,51.0467966;-114.0483594,51.0466752;-114.0483595,51.0465538
Residential Street|CONFLUENCE ME SE|B|-114.0505765,51.0478146;-114.0506887,51.0478344;-114.0517839,51.0480273
Residential Street|WATERFRONT CO SW|B|-114.0651406,51.0523069;-114.0651421,51.0523569
Residential Street|RIVERFRONT AV SW|B|-114.0650247,51.0523063;-114.0651406,51.0523069
Residential Street|RIVERFRONT AV SW|B|-114.0651406,51.0523069;-114.0651565,51.0523069;-114.065546,51.0523087;-114.0661055,51.0523109
Collector|7 ST SE|B|-114.043655,51.0429814;-114.0437203,51.0428958;-114.0437734,51.0428194;-114.0438435,51.0426881;-114.0439208,51.042546;-114.0439837,51.0424498;-114.0440634,51.0423428;-114.0441916,51.0422145;-114.0442932,51.0421228;-114.0446336,51.041849;-114.0448198,51.0417069;-114.0449359,51.041606;-114.0449706,51.0415736;-114.0450424,51.0415067
Arterial Street|4 AV SE|FT|-114.0528522,51.0493777;-114.0529686,51.0492848;-114.0530154,51.0492474;-114.0531562,51.0491807
Arterial Street|4 AV SE|FT|-114.0531562,51.0491807;-114.0532306,51.0491519;-114.0533256,51.0491213;-114.0534237,51.0490958;-114.0535228,51.0490775;-114.0536333,51.0490618;-114.0537472,51.0490553;-114.0538733,51.0490539;-114.0541067,51.049059;-114.0544052,51.0490674;-114.0547308,51.0490768;-114.0552817,51.0490926;-114.0553917,51.0490958
Residential Street|5 ST SE|B|-114.0509899,51.0461535;-114.0509948,51.0460746;-114.0510123,51.0457899;-114.0510099,51.045774;-114.0510052,51.0457591;-114.0509901,51.045746;-114.0509674,51.0457306;-114.05094,51.0457181;-114.0509098,51.0457068;-114.0508696,51.0457015;-114.0508349,51.0457002;-114.0507179,51.0456958
Residential Street|5 ST SE|B|-114.0503623,51.0461358;-114.0503725,51.0460561;-114.0504078,51.0457787;-114.0504091,51.0457647;-114.0504127,51.0457517;-114.0504223,51.0457376;-114.0504365,51.0457272;-114.0504552,51.0457184;-114.0504722,51.0457124;-114.050507,51.0457034;-114.0505481,51.0457002;-114.0505837,51.0456993;-114.0507179,51.0456958
Residential Street|7 AV SE|B|-114.0506872,51.0461822;-114.0505553,51.0461634;-114.0503623,51.0461358
Residential Street|7 AV SE|B|-114.0503623,51.0461358;-114.0503519,51.0461354;-114.0484564,51.0460816;-114.0483605,51.0460789
Residential Street|7 AV SE|B|-114.0524177,51.046195;-114.0523014,51.0461916;-114.0517111,51.0461744;-114.0509941,51.0461536;-114.0509899,51.0461535
Residential Street|7 AV SE|B|-114.0509899,51.0461535;-114.0508228,51.0461693;-114.0506872,51.0461822
Residential Street||B|-114.0471563,51.0385373;-114.0471172,51.0383893;-114.0471051,51.0382828;-114.047117,51.0381895;-114.0471652,51.0380772;-114.0472406,51.0379573;-114.047334,51.0378507;-114.047347,51.0378398;-114.0474574,51.0377474;-114.0475903,51.0376527;-114.0476838,51.0375956
Residential Street||B|-114.0720743,51.0402451;-114.0721142,51.0398609;-114.0721154,51.0398496;-114.0721241,51.0397584
Lanes (Alleys)||B|-114.0797561,51.0395209;-114.0793778,51.0395093;-114.0792569,51.0395057
Residential Street|5 ST SE|FT|-114.0511523,51.038285;-114.0511623,51.0382914;-114.0511825,51.0383002;-114.0512093,51.0383075;-114.0512216,51.0383099;-114.0512363,51.0383105;-114.0512589,51.0383097;-114.0512868,51.0383071;-114.0513143,51.0383008;-114.0513339,51.0382927
Residential Street|5 ST SE|FT|-114.0511684,51.0381532;-114.051165,51.0381546;-114.051135,51.0381754;-114.0511236,51.0381888;-114.0511157,51.0382;-114.0511115,51.0382131;-114.0511122,51.0382318;-114.0511165,51.0382468;-114.0511279,51.038265;-114.0511424,51.0382786;-114.0511523,51.038285
Residential Street|5 ST SE|FT|-114.0512135,51.0383969;-114.0512301,51.0383665;-114.0512799,51.0383235;-114.0513339,51.0382927
Residential Street|5 ST SE|FT|-114.0511523,51.038285;-114.0511814,51.0383194;-114.0512062,51.0383647;-114.0512135,51.0383969
Residential Street|5 ST SE|FT|-114.0513339,51.0382927;-114.0513404,51.0382901;-114.051363,51.0382752;-114.0513788,51.0382593;-114.0513829,51.0382519;-114.0513889,51.0382148;-114.0513853,51.0381998;-114.0513671,51.0381754;-114.0513497,51.0381614;-114.051343,51.0381582;-114.0513193,51.0381472;-114.0512888,51.038139;-114.0512507,51.0381359;-114.0512139,51.0381391;-114.051188,51.0381452;-114.0511684,51.0381532
Residential Street|5 ST SW|B|-114.0734079,51.0525319;-114.0734136,51.0524509;-114.0734253,51.0522828;-114.0734424,51.0520382
Residential Street|5 ST SW|B|-114.0734424,51.0520382;-114.0734427,51.0520337;-114.0734601,51.0517846;-114.0734703,51.051639;-114.0734776,51.0515355
