96|1052.55|1047.32|-114.0708067873,51.0481401937;-114.0707396119,51.0481382566;-114.0707136314,51.0484969625;-114.0707806647,51.0484988997;-114.0708067873,51.0481401937
104|1057.23|1044.52|-114.0667927845,51.0502839994;-114.0667064945,51.050281981;-114.066692002,51.0505189585;-114.0666616484,51.0505365957;-114.0667210385,51.0505772852;-114.0667771803,51.0505410246;-114.0667927845,51.0502839994
105|1055.97|1047.48|-114.0693752172,51.0493926021;-114.0693090384,51.0493906637;-114.0692850012,51.0497214999;-114.0693511806,51.0497234384;-114.0693752172,51.0493926021
106|1056.78|1047.37|-114.0709027374,51.0494276444;-114.0708294274,51.0494257111;-114.070808599,51.0497025174;-114.0708829078,51.0497044501;-114.0709027374,51.0494276444
107|1061.02|1048.16|-114.0680920039,51.0461446482;-114.0677492828,51.0461256094;-114.0677150632,51.0461303937;-114.0677118427,51.046171209;-114.0680886445,51.0461878009;-114.0680920039,51.0461446482
108|1058.99|1046.41|-114.0682342312,51.0471456618;-114.0681763242,51.0471416502;-114.0681754977,51.047161518;-114.0680728134,51.0471598698;-114.0680442568,51.0471367828;-114.0676948415,51.0471287151;-114.0676930514,51.0471724962;-114.0680339134,51.0471828162;-114.0680947272,51.0472239538;-114.0682342312,51.0471456618
109|1060.37|1048.44|-114.0705852178,51.045174885;-114.0703322206,51.0451674861;-114.0703284456,51.0452172915;-114.0705813,51.0452244208;-114.0705852178,51.045174885
110|1054.95|1046.23|-114.0664783685,51.0483392512;-114.0663905135,51.0483373234;-114.0663763372,51.0485966851;-114.0664641928,51.0485986129;-114.0664783685,51.0483392512
111|1055.22|1045.29|-114.0597540308,51.0417435189;-114.0597293402,51.0417269904;-114.0596976895,51.0417315014;-114.0594486088,51.0418714188;-114.0594850025,51.0418958524;-114.0597540308,51.0417435189
112|1054.98|1045.7|-114.0635873264,51.0475768226;-114.0635703546,51.0475763824;-114.0635864429,51.0473482143;-114.0635224067,51.0473464512;-114.0635089775,51.0475379397;-114.0635206724,51.047538293;-114.0635192756,51.0475596893;-114.0635072954,51.0475593362;-114.0635028154,51.0476205587;-114.0635839667,51.0476229418;-114.0635873264,51.0475768226
113|1053.35|1043.83|-114.058301475,51.0468069115;-114.0577532541,51.0467925304;-114.0577504542,51.0468346037;-114.0582985358,51.0468512323;-114.058301475,51.0468069115
114|1050.1|1042.46|-114.0566698357,51.0479690972;-114.056625195,51.0479676804;-114.0566211219,51.0480191037;-114.056604863,51.0480185722;-114.0565705911,51.0484508149;-114.0566215073,51.0484522286;-114.0566318982,51.0484356825;-114.0566698357,51.0479690972
115|1057.64|1042.88|-114.0566978952,51.0471219813;-114.0566238761,51.0471198597;-114.056602815,51.0473913597;-114.0566779756,51.0473936606;-114.0566978952,51.0471219813
116|1055.85|1045.73|-114.0654890653,51.0479583755;-114.0650341037,51.0479470327;-114.0650375251,51.0480478956;-114.0648746546,51.0480460983;-114.0648681667,51.0480979726;-114.0651308772,51.0481055577;-114.0651268831,51.0480032568;-114.0654857173,51.0480114167;-114.0654890653,51.0479583755
117|1066.08|1048.38|-114.0697058829,51.045639283;-114.0691426941,51.0456220875;-114.0691412953,51.0456404274;-114.0694564751,51.0456495898;-114.0694517249,51.0457154874;-114.0694641324,51.0457158396;-114.0694437778,51.0458369434;-114.0694677371,51.0458375585;-114.0694646477,51.0458696537;-114.0695338536,51.0458964918;-114.0696342153,51.0458726992;-114.0696325626,51.0457215827;-114.0696451128,51.0457219348;-114.0696511452,51.0456554072;-114.0697044836,51.0456570835;-114.0697058829,51.045639283
118|1060.71|1047.04|-114.0694452864,51.0475135274;-114.0693624234,51.0475109696;-114.0693453518,51.0477302393;-114.0693288076,51.0477297097;-114.0693276879,51.0477439141;-114.0693243914,51.0478285094;-114.0693583355,51.0478295681;-114.0693416824,51.0480426345;-114.0692427577,51.0480769441;-114.0692416407,51.0480930363;-114.0693969575,51.0480978886;-114.0694452864,51.0475135274
119|1057.12|1047.01|-114.0695783494,51.0484677081;-114.0695030441,51.0484655953;-114.0694858666,51.0487092272;-114.0695610298,51.04871134;-114.0695783494,51.0484677081
120|1059.82|1047.29|-114.0716896004,51.0452860451;-114.0708303701,51.0452747924;-114.0708277288,51.0453195629;-114.0713105967,51.0453175612;-114.0713636512,51.0453203157;-114.0713632419,51.0453323622;-114.071685693,51.0453415142;-114.0716896004,51.0452860451
121|1058.8|1047.16|-114.0704090123,51.048129017;-114.0700470332,51.0481171883;-114.0700432627,51.0481703199;-114.0703975403,51.0481817937;-114.0704090123,51.048129017
123|1059.42|1041.98|-114.0708785265,51.0506650949;-114.0708161329,51.0506213528;-114.0708011764,51.0506338576;-114.0707305737,51.0506314731;-114.0707528632,51.0502833774;-114.0706808356,51.0502815331;-114.0706464708,51.0506613698;-114.0707162881,51.050709962;-114.0707969989,51.0507002942;-114.0707915765,51.0507920825;-114.0708317594,51.0507676061;-114.0708711647,51.0507943716;-114.0708785265,51.0506650949
124|1059.39|1045.04|-114.0703349675,51.0499946998;-114.0698786973,51.0499807697;-114.0698747746,51.0500277883;-114.0703333276,51.0500419868;-114.0703349675,51.0499946998
125|1058.76|1045.6|-114.0678180864,51.0498814784;-114.0674676652,51.0498824003;-114.0674636186,51.0499439823;-114.0678140408,51.0499434199;-114.0678180864,51.0498814784
126|1056.34|1046.66|-114.0679450307,51.0490114687;-114.0673923497,51.0489903033;-114.0672393096,51.048983739;-114.0673395044,51.0490361813;-114.0678889039,51.0490560904;-114.0679428031,51.0490485976;-114.0679450307,51.0490114687
127|1059.54|1046.66|-114.0663728681,51.0492628259;-114.0662677202,51.0492369951;-114.0662452172,51.049258763;-114.0662412648,51.0492874425;-114.0662606627,51.0492885103;-114.0662198746,51.0495895094;-114.0663172924,51.0495947582;-114.0663728681,51.0492628259
128|1056.18|1046.27|-114.0668938335,51.0507297421;-114.0667124106,51.0507267893;-114.0667104848,51.050776144;-114.0668901961,51.050778918;-114.0668938335,51.0507297421
129|1057.91|1047.37|-114.0703335934,51.0490874574;-114.0699697562,51.049077877;-114.0699661321,51.0491336154;-114.0703298265,51.0491428364;-114.0703335934,51.0490874574
130|1060.1|1048.47|-114.0690575908,51.0445901164;-114.0690056252,51.044551671;-114.0689503389,51.0445818193;-114.0689325168,51.0448725578;-114.06902279,51.044874662;-114.0690387869,51.0446036121;-114.0690575908,51.0445901164
131|1057.04|1047.42|-114.0619257241,51.0443720662;-114.0618542759,51.0443698566;-114.0618280483,51.0447000634;-114.061899497,51.044702273;-114.0619257241,51.0443720662
132|1056.62|1047.04|-114.0608339444,51.0449207436;-114.0604235912,51.0449740858;-114.0604208004,51.0450211935;-114.0608298704,51.0449677621;-114.0608339444,51.0449207436
133|1059.39|1043.41|-114.0691935176,51.0469031842;-114.0691101475,51.0468466881;-114.0688082408,51.0468497429;-114.0688135371,51.0467667646;-114.0690355515,51.0465524083;-114.0689374306,51.0465497693;-114.0687111392,51.0467652966;-114.0687010245,51.0471582436;-114.0687542204,51.0471589315;-114.0687622439,51.0468949883;-114.0691935176,51.0469031842
134|1058.01775381|1047.46|-114.0668063171,51.04649516;-114.0667232067,51.0464927496;-114.0667048257,51.0467471138;-114.0667900416,51.046749593;-114.0668063171,51.04649516
135|1054.31|1044.22|-114.0606300192,51.0487462498;-114.0606185997,51.0487385245;-114.0606222428,51.0486888094;-114.0606071246,51.0486882779;-114.0604979621,51.0487521615;-114.0600534036,51.0487396254;-114.060018488,51.0487596904;-114.0599323431,51.0487572175;-114.059882038,51.0487876285;-114.0605472302,51.0488017593;-114.0605507293,51.0487508756;-114.0606300192,51.0487462498
137|1055.23|1045.12|-114.0606853962,51.046922205;-114.060255827,51.046907684;-114.0602532993,51.0469379807;-114.0606830095,51.0469510632;-114.0606853962,51.046922205
138|1057.8|1047.14|-114.0617333955,51.0455867709;-114.0617481351,51.0454104744;-114.0616607124,51.0454076438;-114.0616472562,51.0455841194;-114.0617333955,51.0455867709
143|1058.78|1048.44|-114.0729476496,51.0457155153;-114.0728575161,51.0457126948;-114.072847021,51.0459315115;-114.0729284559,51.0459344273;-114.0729476496,51.0457155153
149|1059.31|1047.95|-114.0732811143,51.0485453639;-114.0731991061,51.0485435275;-114.0731880305,51.0486648957;-114.0731646636,51.048679204;-114.0731813704,51.0486921388;-114.0731676965,51.0487937313;-114.073247712,51.0487978164;-114.0732626701,51.0486966726;-114.0732793357,51.0486835372;-114.0732676186,51.0486693407;-114.0732811143,51.0485453639
159|1056.69|1047.14|-114.0719042569,51.0490922084;-114.0717660934,51.0490853146;-114.0717673911,51.049062185;-114.0716638973,51.0490508118;-114.0713437342,51.0490428872;-114.0712148396,51.0490451314;-114.0712120172,51.0490954046;-114.0719030938,51.0491129178;-114.0719042569,51.0490922084
163|1057.94|1047.76|-114.073867918,51.0481995804;-114.0734215954,51.0481860462;-114.0734179732,51.0482403464;-114.0732211523,51.0482343569;-114.073219358,51.0482568881;-114.0735125365,51.0482652856;-114.0735142777,51.0482400054;-114.073864148,51.0482502857;-114.073867918,51.0481995804
1083|1051.28|1048.27|-114.0710509814,51.0400520704;-114.0709479018,51.0400614824;-114.070906102,51.040048113;-114.070869763,51.0400625186;-114.0708425033,51.0400463536;-114.0707803519,51.0400586173;-114.0707552334,51.0400439793;-114.0706709788,51.0400552674;-114.0706216189,51.0400401046;-114.0705852775,51.0400529819;-114.0705584467,51.0400374458;-114.0705098423,51.0400502406;-114.0704821571,51.0400355141;-114.0704150142,51.0400473312;-114.0703421271,51.0400323622;-114.0703304017,51.040199039;-114.0710251414,51.0402183963;-114.0710509814,51.0400520704
1085|1053.1|1045.19|-114.0573524989,51.0435477037;-114.0567488392,51.0435291199;-114.056743645,51.0435963657;-114.0573463227,51.0436273558;-114.0573524989,51.0435477037
1086|1049.3|1044.81|-114.0581127517,51.0402726362;-114.0581093048,51.0401389604;-114.0580303097,51.0401397189;-114.0580334707,51.0402730352;-114.0581127517,51.0402726362
1090|1051.5|1047.95|-114.068952946,51.0469142938;-114.0689080214,51.0469132415;-114.06890426,51.046973385;-114.0689493274,51.0469744372;-114.068952946,51.0469142938
1093|1054.36|1043.86|-114.0570322899,51.0461650416;-114.0569569887,51.0461628309;-114.0569259398,51.0464283128;-114.0570076592,51.0464307901;-114.0570322899,51.0461650416
1094|1050.35|1043.72|-114.059217668,51.0480758906;-114.0591540586,51.0480739451;-114.0591241802,51.0484658225;-114.0591879324,51.0484674983;-114.059217668,51.0480758906
1095|1057.93|1047.6|-114.0705107859,51.0471536599;-114.0701272907,51.0471491261;-114.0701262318,51.0472034247;-114.0705097254,51.04720661;-114.0705107859,51.0471536599
1096|1058.27|1048.43|-114.0681263799,51.0451770632;-114.0674294217,51.045153285;-114.067424802,51.0452127098;-114.068121189,51.0452354096;-114.0681263799,51.0451770632
1097|1056.86|1045.39|-114.0634408595,51.0493507555;-114.0634193032,51.0493356644;-114.0634247362,51.0492409996;-114.0633492871,51.0492387931;-114.0633424287,51.0493340879;-114.0633179155,51.0493469565;-114.0633394718,51.0493620476;-114.0633326141,51.0494578818;-114.0634092046,51.0494601776;-114.0634180597,51.0493649716;-114.0634408595,51.0493507555
1099|1059.13|1047.95|-114.0642900594,51.0444328188;-114.0642643894,51.0444320238;-114.0642618689,51.0444655569;-114.06422909,51.0444803181;-114.0642079108,51.0447365371;-114.0642658116,51.0447384831;-114.0642900594,51.0444328188
1100|1058.81|1046.37|-114.0654636324,51.0487342932;-114.064972721,51.0487212623;-114.0649437682,51.0487203794;-114.0649636711,51.0487768239;-114.0654595753,51.0487902116;-114.0654636324,51.0487342932
1101|1055.68|1045.89|-114.0637763538,51.0482454656;-114.0637143136,51.048244151;-114.063699572,51.048518166;-114.0637617552,51.0485194805;-114.0637763538,51.0482454656
1808|1055.8|1043.09|-114.0614025797,51.0479877427;-114.0613727149,51.0479438885;-114.0610947464,51.0479365726;-114.0609872765,51.0479842743;-114.0609706303,51.0480146683;-114.0609353723,51.0485339334;-114.0610014066,51.048535607;-114.06103739,51.0480262302;-114.0610514732,51.047998984;-114.0611194764,51.0479801599;-114.0614025797,51.0479877427
1809|1053.74|1044.38|-114.0593705731,51.0471991346;-114.0593063953,51.0471979087;-114.0592828703,51.0475380021;-114.0593479041,51.0475391377;-114.0593705731,51.0471991346
1810|1060.98|1048.3|-114.0722203951,51.0466667211;-114.0721276929,51.0466639915;-114.0721080446,51.0468684301;-114.0722007474,51.0468712496;-114.0722203951,51.0466667211
2089|1048.17|1043.63|-114.0543655641,51.0448527372;-114.05407031,51.0448455457;-114.0540686146,51.0448788247;-114.054032212,51.0448780873;-114.054026345,51.0449931649;-114.0542503432,51.0449977187;-114.0542516495,51.0449721054;-114.0543269143,51.0449632632;-114.0543276533,51.0448806454;-114.0543652205,51.0448808716;-114.0543655641,51.0448527372
2091|1046.72|1043.32|-114.0517972654,51.0447824577;-114.051729156,51.0447806611;-114.0517247759,51.0448466522;-114.0517928854,51.0448484487;-114.0517972654,51.0447824577
2246|1076.13|1043.49|-114.0534956102,51.0446851142;-114.0534492381,51.044639784;-114.0534483226,51.0446137519;-114.0534792246,51.0445747592;-114.0533150174,51.0445826768;-114.0530731563,51.0445500481;-114.0531024299,51.0445933213;-114.0530839907,51.0446604101;-114.0533056389,51.0446528838;-114.0534956102,51.0446851142
2398|1053.9684|1047.22|-114.0687437968,51.0422613483;-114.0685918819,51.042266088;-114.068595719,51.042213734;-114.0683735556,51.0422066121;-114.068368732,51.0422844751;-114.0683877911,51.0422849799;-114.0683810749,51.0423858433;-114.0684604344,51.0423879436;-114.0684617483,51.0423670633;-114.0684935531,51.0423677135;-114.0684920994,51.042389545;-114.0686074524,51.0423925977;-114.0686096886,51.0423590269;-114.0687373069,51.0423624193;-114.0687437968,51.0422613483
2400|1050.7364|1047.29|-114.068549589,51.0421706768;-114.0683994952,51.0421549015;-114.0683983632,51.0421667183;-114.0683736695,51.0421658104;-114.0683715792,51.0421930469;-114.0685476539,51.0421987161;-114.068549589,51.0421706768
2401|1052.9137|1047.16|-114.0689389877,51.0422174165;-114.0688919489,51.0422175413;-114.0688917251,51.0421839576;-114.0687685333,51.0421842845;-114.0687687423,51.0422156208;-114.0687348738,51.04221571;-114.068734731,51.0421943136;-114.0687162617,51.0421943622;-114.0687161459,51.0422183029;-114.0686302074,51.042218285;-114.0686301956,51.0422411531;-114.0689379284,51.0422511952;-114.0689389877,51.0422174165
3535|1046.3127|1042.24|-114.0471889903,51.0427715157;-114.0471097635,51.0427677908;-114.0470941839,51.042899476;-114.0471734109,51.0429032018;-114.0471889903,51.0427715157
3537|1046.216|1042.69|-114.0481319443,51.0412616211;-114.0480205151,51.0412609558;-114.0480200815,51.0412898733;-114.0481311472,51.0412905369;-114.0481319443,51.0412616211
3538|1046.2093|1042.7|-114.0481309753,51.0412994;-114.0480193891,51.0412987123;-114.0480207591,51.0413273908;-114.0481304452,51.0413272765;-114.0481309753,51.0412994
3539|1046.5461|1042.24|-114.0473564412,51.0427767779;-114.0471928067,51.0427719465;-114.0471820055,51.042917332;-114.0473470528,51.042903137;-114.0473564412,51.0427767779
3546|1046.2053|1042.76|-114.0481311744,51.041216359;-114.0480208365,51.0412160169;-114.04802061,51.0412451815;-114.0481309465,51.0412455236;-114.0481311744,51.041216359
3655|1053.4849|1043.75|-114.0568967488,51.0462154501;-114.0561857581,51.0461976348;-114.0561806058,51.046276871;-114.0568915643,51.0462952293;-114.0568967488,51.0462154501
3657|1056.7522|1045.44|-114.0677767306,51.0507612198;-114.0674231337,51.0507415085;-114.0673678614,51.0507487267;-114.0673639485,51.0508032921;-114.0677290085,51.0508229026;-114.0677729342,51.0508141499;-114.0677767306,51.0507612198
3658|1057.2408|1047.92|-114.0697624839,51.046594962;-114.0690521473,51.0465735828;-114.0690467334,51.0466558538;-114.0697562212,51.0466772074;-114.0697624839,51.046594962
3659|1050.7451|1045.97|-114.0619719142,51.0468444142;-114.061940561,51.0468435058;-114.0619178921,51.0469243588;-114.0619665772,51.0469253084;-114.0619719142,51.0468444142
3660|1050.7852|1046.17|-114.0620413962,51.0467896847;-114.0619905972,51.0467883515;-114.0619881943,51.046824727;-114.0620389933,51.0468260602;-114.0620413962,51.0467896847
3661|1058.6985|1048.49|-114.0706551636,51.045241222;-114.0705829513,51.045239323;-114.0705777911,51.0453102218;-114.0706499812,51.045312431;-114.0706551636,51.045241222
3663|1053.5193|1043.76|-114.056888637,51.0463364298;-114.0561781192,51.0463150093;-114.0561723495,51.0463966218;-114.0568825109,51.0464171956;-114.056888637,51.0463364298
3664|1057.1917|1044.72|-114.0684819258,51.0503644689;-114.0684674908,51.050363484;-114.0684761256,51.0503144004;-114.068391206,51.0503113783;-114.0683833592,51.0503570786;-114.068365421,51.0503558548;-114.0683370552,51.0505210315;-114.0683524958,51.0505220851;-114.0683451983,51.050568016;-114.0684322398,51.0505723881;-114.0684395017,51.0505284699;-114.0684542031,51.050529256;-114.0684819258,51.0503644689
3665|1058.0543|1045.92|-114.0635829119,51.0469305659;-114.0635071697,51.0469292667;-114.063500416,51.0470067502;-114.0635770721,51.0470088544;-114.0635829119,51.0469305659
3666|1055.5917|1046.38|-114.0646307328,51.0465494901;-114.0639614796,51.0465298453;-114.0639542326,51.0466089247;-114.0646273734,51.0466267497;-114.0646307328,51.0465494901
3667|1054.232|1046.82|-114.0649633873,51.0465623192;-114.0646311944,51.0465491662;-114.0646184797,51.0466428219;-114.0649532578,51.0466553281;-114.0649633873,51.0465623192
