3668|1047.2423|1043.91|-114.0493692479,51.0398756098;-114.0492584368,51.0398697575;-114.0492439991,51.0399784163;-114.0493548105,51.0399842686;-114.0493692479,51.0398756098
3671|1050.5883|1043.59|-114.0593816439,51.0484726698;-114.0588905198,51.0484570928;-114.058888457,51.0485049515;-114.0589503027,51.0485067992;-114.0589482815,51.0485346288;-114.0593768255,51.0485501925;-114.0593816439,51.0484726698
3672|1049.803|1043.63|-114.0595427878,51.0477129719;-114.0595326089,51.0477126768;-114.0595420732,51.0475827812;-114.0595034545,51.0475816628;-114.0595056436,51.0475516261;-114.0594595588,51.0475502921;-114.059462653,51.0475153969;-114.0593491737,51.047511473;-114.0593478039,51.0475388223;-114.0592835043,51.0475375001;-114.0592855507,51.0475083544;-114.0589264825,51.0474883378;-114.0589207314,51.0475629744;-114.0589927674,51.0475650111;-114.0589880355,51.0476335736;-114.0589142231,51.0476309139;-114.0589117969,51.0476621455;-114.0587653719,51.0476572632;-114.0587636705,51.0476933578;-114.0588708892,51.047695963;-114.0588536609,51.0479095272;-114.058874314,51.0479102234;-114.0588663673,51.0480192638;-114.0588470855,51.0480225727;-114.0588446352,51.0480562;-114.0589193642,51.0480703653;-114.058916798,51.0481182567;-114.0589988812,51.0481206335;-114.0590010268,51.0480964698;-114.0590750847,51.0480986232;-114.0590767527,51.048075748;-114.0594205934,51.0480841058;-114.0594222878,51.0480608477;-114.059467817,51.0480621658;-114.0594699347,51.0480330973;-114.0595081856,51.0480339705;-114.0595427878,51.0477129719
3673|1289.4039|1046.24|-114.0664617031,51.0470024618;-114.065563615,51.0469784666;-114.0655397099,51.0469893504;-114.065516614,51.0473232024;-114.0655431167,51.0473469267;-114.065578871,51.0473526232;-114.0664341507,51.0473766426;-114.0664617031,51.0470024618
3674|1066.7234|1046.38|-114.0668330276,51.0467999289;-114.066812114,51.0467992963;-114.0668144425,51.0467465514;-114.066567314,51.0467408445;-114.0665124255,51.0467678315;-114.0664947575,51.0468108358;-114.0664787862,51.0470398961;-114.0664599506,51.047038454;-114.0664376336,51.0473538795;-114.0665149698,51.0473942624;-114.0667664214,51.0474048177;-114.0667745562,51.0473463114;-114.0668098274,51.0473481648;-114.0668151441,51.047274828;-114.0667537568,51.0472735056;-114.0667718207,51.0470634727;-114.0667853251,51.0470448841;-114.0667699707,51.04704442;-114.0667736716,51.0470008285;-114.0668193334,51.0470027748;-114.0668230805,51.0469615925;-114.0667983867,51.0469603741;-114.0668023528,51.0468889691;-114.0668272081,51.0468904777;-114.0668330276,51.0467999289
3675|1057.0962|1046.33|-114.0666789954,51.0473985136;-114.066593255,51.0473960894;-114.0665703988,51.0476791189;-114.0666568232,51.047681727;-114.0666789954,51.0473985136
3773|1057.6083|1048.33|-114.0720258095,51.0467551688;-114.0718310441,51.0467499461;-114.0718254758,51.0468324402;-114.0720202429,51.0468376638;-114.0720258095,51.0467551688
3774|1057.6835|1048.35|-114.0727019394,51.0467740818;-114.0722226281,51.0467618652;-114.0722029176,51.046861872;-114.0723551686,51.0468657522;-114.0723563492,51.0468473378;-114.072696684,51.046856012;-114.0727019394,51.0467740818
3784|1052.1018|1048.46|-114.0730320769,51.0408685831;-114.072913074,51.0408653591;-114.0729105762,51.0409020217;-114.0730295778,51.0409052457;-114.0730320769,51.0408685831
5553|1051.86664012|1046.05|-114.0626946322,51.0470794482;-114.0625541869,51.0470744722;-114.0625510651,51.0471094807;-114.0626915106,51.0471144568;-114.0626946322,51.0470794482
5554|1051.74675159|1045.91|-114.0627114706,51.0468175639;-114.0626272802,51.0468151027;-114.0626257591,51.0468345788;-114.0625715654,51.0468328953;-114.0625689311,51.0468666028;-114.0627069022,51.0468710417;-114.0627114706,51.0468175639
5555|1051.75321097|1045.88|-114.0618948586,51.0471490595;-114.0617992964,51.0471460733;-114.0617952144,51.047192974;-114.061890764,51.0471959629;-114.0618948586,51.0471490595
5556|1051.18805799|1046.05|-114.062697395,51.0470131763;-114.0626132065,51.047011374;-114.0626107689,51.0470566278;-114.062669071,51.0470578758;-114.0626705319,51.0470307701;-114.0626964183,51.0470313244;-114.062697395,51.0470131763
6904|1059.6965|1044.59|-114.0557074873,51.0426985198;-114.0552027642,51.0426827287;-114.0551904554,51.0428226249;-114.0551494344,51.0428218314;-114.0551473341,51.0428508558;-114.0551875963,51.0428511263;-114.0551754162,51.043004327;-114.0556866583,51.0430190084;-114.0557074873,51.0426985198
1000543|1078.76|1041.55|-114.055006989,51.0446470171;-114.0548981796,51.0446461693;-114.0549156302,51.044570108;-114.0549084632,51.0445390068;-114.0548590554,51.0444829341;-114.054813114,51.0444638974;-114.0547130025,51.0444618767;-114.0546562701,51.0444827594;-114.0546563932,51.0444661284;-114.0537281442,51.0444402188;-114.0537047148,51.0447737487;-114.0547857084,51.0448051606;-114.0547976465,51.0446496326;-114.0548734784,51.0446204703;-114.0548727955,51.0446459115;-114.0548321528,51.0446459306;-114.0548316256,51.044682609;-114.055006462,51.0446836955;-114.055006989,51.0446470171
1000568|1082.48|1044.18|-114.0634702205,51.0504847935;-114.0634302843,51.0504837364;-114.0634339227,51.0504325829;-114.0630790613,51.0504227064;-114.0630749947,51.0504738602;-114.0630370553,51.0504728019;-114.0630169093,51.0507615627;-114.0634499347,51.0507736443;-114.0634702205,51.0504847935
1000592|1057.37|1040.22|-114.0542918947,51.0438570639;-114.0541036681,51.0438657813;-114.054105358,51.0438474415;-114.0540779767,51.0438461956;-114.0540775687,51.0438632763;-114.0540039825,51.0438608831;-114.0540039637,51.0438447016;-114.0539791498,51.0438439939;-114.0539785986,51.0438605352;-114.0539037282,51.0438575133;-114.0539044226,51.0438414213;-114.0538774698,51.0438408045;-114.0538767747,51.0438562671;-114.0538057566,51.0438549514;-114.0538067375,51.043840028;-114.0537785012,51.0438393218;-114.0537778065,51.043855144;-114.0536906744,51.0438540154;-114.0536919373,51.0438362152;-114.0534560598,51.0438264346;-114.0534539584,51.0438591582;-114.0535060231,51.0439954188;-114.0535798814,51.0439863053;-114.0536228021,51.0441071076;-114.0536661933,51.0441412487;-114.0537174102,51.0441601935;-114.053862733,51.0441677679;-114.0538617526,51.0441831408;-114.0541197318,51.0441895842;-114.0541207121,51.0441742113;-114.0542231052,51.0441767708;-114.0542288453,51.0440854325;-114.0542774748,51.0440866684;-114.0542918947,51.0438570639
1000627|1071.23|1046.49|-114.0651816014,51.0402472423;-114.0649632837,51.040241161;-114.0649511185,51.0404130516;-114.0651702925,51.0404191325;-114.0651816014,51.0402472423
1000773|1052.55|1043.6|-114.0581010084,51.0433102747;-114.0579281687,51.0433053262;-114.0579088205,51.0435707128;-114.057359781,51.0435552515;-114.0573545935,51.0436271719;-114.0580669185,51.0436460582;-114.0581010084,51.0433102747
1000842|1050.6|1046.17|-114.0632813607,51.0399991809;-114.0630583404,51.0399941773;-114.0630480266,51.0401694828;-114.0632694823,51.0401767348;-114.0632813607,51.0399991809
1000947|1056.51|1047.79|-114.0678649573,51.0401837757;-114.0678050663,51.0401822822;-114.0678078569,51.0401402985;-114.0676722454,51.0401359721;-114.0676685998,51.0401784058;-114.0676081369,51.0401758338;-114.0676021366,51.0402659145;-114.0676789968,51.0402678477;-114.0676760619,51.0403087528;-114.0677787327,51.0403114801;-114.0677815248,51.0402705751;-114.0678589557,51.0402726877;-114.0678649573,51.0401837757
1000974|1063.51|1048.01|-114.0699697854,51.0418082392;-114.0697511736,51.0418015377;-114.0697364866,51.0419918592;-114.0696522074,51.0419893024;-114.069645914,51.0420716522;-114.0699488065,51.0420810004;-114.0699697854,51.0418082392
1001240|1057.30298862|1047.14|-114.0667705836,51.0413898538;-114.0667717434,51.0412483115;-114.0666521115,51.0412454222;-114.066650245,51.0413875744;-114.0667705836,51.0413898538
1001293|1056.88|1048.61|-114.0713396667,51.0403822676;-114.0711284757,51.0403751146;-114.0711095833,51.0406087695;-114.0712647323,51.0406134395;-114.0712673936,51.0405821536;-114.0713245766,51.0405840965;-114.0713396667,51.0403822676
1001340|1053.96|1043.53|-114.0562788508,51.0413174222;-114.0561218578,51.0413215431;-114.0561195829,51.0414450632;-114.0561054941,51.0414684433;-114.0561234711,51.0414766153;-114.0561176899,51.0415306465;-114.0560997505,51.0415535789;-114.0561115972,51.0415628326;-114.0561029149,51.0416942668;-114.0562553556,51.0416980591;-114.0562788508,51.0413174222
1001348|1051.72|1044.17|-114.0509591023,51.0402140349;-114.050861566,51.0402112006;-114.0508522772,51.0403229472;-114.0509506695,51.0403259608;-114.0509591023,51.0402140349
1001351|1092.58|1042.55|-114.0505154365,51.0447474823;-114.0504141969,51.0447575046;-114.0504298989,51.0446402717;-114.0504166326,51.0446365916;-114.0504382052,51.0445412911;-114.050424227,51.0445386901;-114.0504399929,51.04448034;-114.0504373301,51.0443920619;-114.05026905,51.0443865608;-114.0502649685,51.0444365455;-114.0502113474,51.0444351302;-114.0501989748,51.0444666894;-114.050195052,51.0446635663;-114.0501802627,51.0447022285;-114.0501914,51.0447151689;-114.0498767881,51.0446941777;-114.0498617271,51.0448784737;-114.0500394213,51.0448842411;-114.0500443467,51.0449554377;-114.0500268094,51.0449585916;-114.0500239954,51.0449940123;-114.0500408255,51.0449963425;-114.0500364533,51.0450414728;-114.0501990316,51.0450470666;-114.0502029722,51.0449985204;-114.0502543125,51.0450002064;-114.0502672526,51.04496586;-114.0502715152,51.0448196851;-114.050407424,51.0448240315;-114.0504088132,51.0447900497;-114.0505115044,51.04480349;-114.0505154365,51.0447474823
1001362|1066.5|1048.52|-114.0713250302,51.0402294509;-114.0710543781,51.0402218846;-114.0710437408,51.0403524221;-114.0713146788,51.0403599883;-114.0713250302,51.0402294509
1001376|1059.14|1042.31|-114.0597360315,51.0429383541;-114.0596426249,51.0429359746;-114.0596500322,51.0428187446;-114.0593953385,51.0428114129;-114.0593880707,51.042926665;-114.0592186556,51.0429224359;-114.0592259227,51.0428062848;-114.0589722286,51.0427999405;-114.0589712358,51.0429165379;-114.0588695583,51.0429139821;-114.0588569409,51.0430849732;-114.0597252709,51.0431091646;-114.0597360315,51.0429383541
1001382|1074.02160002|1041.96|-114.0544241045,51.048504077;-114.0541988553,51.0484967427;-114.0541827451,51.0487460317;-114.0540907402,51.0487434079;-114.0540953183,51.0486773169;-114.0538885251,51.048671757;-114.0538865795,51.0487132752;-114.0537026371,51.048704505;-114.053516097,51.0487631514;-114.0534600642,51.0487575684;-114.0531492181,51.0488396092;-114.0531092387,51.0488766058;-114.0531115164,51.0489115568;-114.0531606722,51.0489508249;-114.0534385281,51.0489614239;-114.0534395361,51.0489450873;-114.0534730228,51.0489460312;-114.0534717696,51.0489637667;-114.0543869814,51.0489817248;-114.0544241045,51.048504077
1004115|1051.69|1046.53|-114.0636644408,51.0461949691;-114.0634515162,51.0461900507;-114.0634385575,51.0464127334;-114.0636514832,51.0464176519;-114.0636644408,51.0461949691
1004117|1050.93|1041.08|-114.0521863828,51.0462954094;-114.0520119581,51.0462852388;-114.0519905716,51.046289923;-114.05198734,51.0463331651;-114.051878952,51.0463300668;-114.0518775461,51.0463481368;-114.0518628569,51.0463479635;-114.0518608978,51.0463814961;-114.0519835476,51.0463850375;-114.051970486,51.0465649278;-114.0521662986,51.0465706839;-114.0521863828,51.0462954094
1004163|1064.37|1048.22|-114.0647210688,51.0451893367;-114.0645212617,51.0451794686;-114.0645226566,51.0451569935;-114.0644847215,51.0451559356;-114.0644578118,51.0454953129;-114.0646988296,51.045501922;-114.0647210688,51.0451893367
1004164|1061.22|1048.32|-114.0648321011,51.0451470234;-114.0647251414,51.0451441161;-114.0646988301,51.0455022816;-114.064808071,51.0455041988;-114.0648321011,51.0451470234
1004169|1091.51|1046.26|-114.0604580755,51.0441867471;-114.0598825045,51.0441721204;-114.0598683857,51.0443926458;-114.0604439595,51.0444072726;-114.0604580755,51.0441867471
1004173|1068.02|1048.69|-114.0736802402,51.0463489219;-114.0732453985,51.04633625;-114.0732192589,51.0466715833;-114.0735877869,51.0466829486;-114.07365874,51.0466402027;-114.0736802402,51.0463489219
1004212|1076.33|1048.49|-114.0663154596,51.0452151425;-114.0660897022,51.0452086179;-114.0660656172,51.0455203955;-114.0660459364,51.0455198672;-114.0660438392,51.0455493547;-114.0663085321,51.0455570259;-114.066310629,51.0455274485;-114.0662928022,51.0455269193;-114.0663154596,51.0452151425
1004214|1056.14|1048.69|-114.0669175363,51.0452058995;-114.0668254079,51.0452032552;-114.0668226326,51.0452566559;-114.0667366374,51.0452548171;-114.0667215273,51.0455570606;-114.0668918094,51.0455619975;-114.0669175363,51.0452058995
1004215|1059.87|1048.74|-114.0671802308,51.0452134799;-114.0670782619,51.045210482;-114.0670526752,51.0455641528;-114.0671546448,51.0455670608;-114.0671802308,51.0452134799
1004216|1075.96|1048.77|-114.0677920458,51.0452324546;-114.0671810881,51.0452146481;-114.067156058,51.0455581602;-114.0676439421,51.0455714534;-114.067643916,51.0455534739;-114.0677288742,51.0455283433;-114.067744786,51.0454869814;-114.0677744499,51.0454878631;-114.0677920458,51.0452324546
1004223|1056.18|1043.18|-114.0539886473,51.0453677593;-114.0537655543,51.0453620637;-114.0537392861,51.0457246263;-114.0539629167,51.0457312611;-114.0539886473,51.0453677593
1004228|1115.32|1047.13|-114.070109155,51.0477946895;-114.0700168784,51.0477918681;-114.0700213558,51.0477346008;-114.069617593,51.0477224362;-114.0696160538,51.0477421246;-114.0695707001,51.0477408031;-114.0695680411,51.047774696;-114.0694556549,51.0477712568;-114.069438922,51.0478352737;-114.069457035,51.0478358023;-114.0694364633,51.0480985843;-114.0699925511,51.0481155129;-114.0699963283,51.0480667863;-114.0700874645,51.0480696084;-114.070109155,51.0477946895
1004229|1055.39|1042.94|-114.0499862453,51.0478144667;-114.0496302114,51.0477536681;-114.0495654784,51.0479008574;-114.0496038493,51.0479075835;-114.0495806595,51.0479606327;-114.0495227465,51.0479504989;-114.0494833379,51.0480405926;-114.0498592022,51.0481057882;-114.0499862453,51.0478144667
1004230|1088.22|1047.36|-114.0708028033,51.0477720667;-114.0703983278,51.0477604446;-114.0703716445,51.0481276012;-114.0707761234,51.0481393133;-114.0708028033,51.0477720667
1004510|1090.45|1047.19|-114.0713419669,51.0483789052;-114.0707911427,51.048355687;-114.0707803863,51.0485033947;-114.0712948317,51.0485181848;-114.0713333053,51.048496586;-114.0713419669,51.0483789052
1004550|1065.97|1045.83|-114.0635205297,51.0475382031;-114.0630518815,51.0475266803;-114.0630186821,51.0475487231;-114.0630092213,51.0477233986;-114.0634944214,51.0477396772;-114.0635064392,51.0475589771;-114.0635192753,51.0475595095;-114.0635205297,51.0475382031
1004799|1078.02|1043.3|-114.0537275987,51.0444370538;-114.0535823922,51.0444333403;-114.0535839822,51.0444111052;-114.0534192625,51.0444055477;-114.0533978217,51.04442036;-114.0533857717,51.0445817797;-114.0534783894,51.0445752001;-114.0534483226,51.0446137519;-114.0534492381,51.044639784;-114.0534956102,51.0446851142;-114.0533780601,51.0446604165;-114.0533700222,51.0447703196;-114.0537043065,51.0447758687;-114.0537275987,51.0444370538
1004863|1064.83|1046.08|-114.0604287703,51.0455568876;-114.0602027277,51.0455509811;-114.0601768064,51.0459070777;-114.0604001429,51.0459142442;-114.0604287703,51.0455568876
1005128|1059.94|1047.55|-114.0635982455,51.0456567899;-114.0631639719,51.0456356298;-114.0631363608,51.0459908291;-114.0635710548,51.046004168;-114.0635982455,51.0456567899
1005153|1097.72|1047.88|-114.071350123,51.0468183729;-114.0709550725,51.0468096237;-114.0709531189,51.0468377628;-114.0709035932,51.0468121721;-114.0708528584,51.0468353064;-114.0708549505,51.0468044704;-114.0704788656,51.0467943596;-114.0704776098,51.0468126095;-114.0704632053,51.0468121687;-114.0704416156,51.0471519036;-114.0713485336,51.0471762551;-114.071350123,51.0468183729
1005418|1052.88|1044.18|-114.0630389255,51.0503795774;-114.0628569319,51.0503752704;-114.0628456852,51.0503904691;-114.0628341985,51.0507553682;-114.0630163362,51.0507596752;-114.0630389255,51.0503795774
1005419|1057.72|1043.98|-114.0635772768,51.0504451805;-114.063472445,51.0504427203;-114.0634526478,51.0507759802;-114.0635579073,51.050777721;-114.0635772768,51.0504451805
1005433|1131.47|1046.59|-114.0652349599,51.0466646257;-114.0646152865,51.0466478894;-114.0645922213,51.0469827696;-114.0652096171,51.0469993275;-114.0652349599,51.0466646257
1005438|1079.22|1044.14|-114.0608676001,51.0493825091;-114.0605021945,51.0493735293;-114.0604772263,51.0496947451;-114.0606629276,51.0497009417;-114.060659564,51.0497463416;-114.0608419827,51.0497505618;-114.0608676001,51.0493825091
1005440|1063.52|1044.61|-114.062513714,51.0494790889;-114.062496847,51.04945105;-114.062464027,51.0494382122;-114.0623261252,51.0494475453;-114.0623275247,51.0494275873;-114.061089246,51.0493928215;-114.0610877029,51.04941242;-114.0610443449,51.0494113638;-114.0610405304,51.0494389643;-114.0609623713,51.0494367577;-114.0609447263,51.0496845237;-114.061321261,51.0496951145;-114.0613194413,51.0497211856;-114.0614590734,51.0497253374;-114.0614608934,51.0496996259;-114.0617173367,51.0497069522;-114.0617155155,51.0497316749;-114.0618920878,51.0497367057;-114.0618939082,51.0497114436;-114.0620067261,51.0497146201;-114.0620049057,51.0497398822;-114.0621475328,51.0497439417;-114.0621496369,51.0497176007;-114.0625054913,51.0497276593;-114.0625115113,51.0496438718;-114.0624959648,51.0496433407;-114.0624977873,51.0496198766;-114.0624562827,51.0496185503;-114.0624634364,51.0495292785;-114.0624928021,51.0495187448;-114.062513714,51.0494790889
1005803|1053.54|1045.55|-114.0619058213,51.0409946324;-114.0615808345,51.0409846457;-114.0615591042,51.0412653168;-114.061884093,51.0412753036;-114.0619058213,51.0409946324
1005805|1055.56|1046.92|-114.0665961367,51.0411546784;-114.0663806663,51.0411484182;-114.0663605249,51.0414230662;-114.0665762816,51.0414291464;-114.0665961367,51.0411546784
1006084|1047.67|1043.36|-114.0506427105,51.041541058;-114.0502129101,51.041527579;-114.0501917724,51.0417606021;-114.0503055775,51.04177215;-114.0503065593,51.0417570468;-114.0506249878,51.0417653596;-114.0506427105,51.041541058
1006091|1105.69|1047.91|-114.0704652075,51.0417399791;-114.0700770403,51.0417281663;-114.0700507047,51.0420415643;-114.0704445846,51.0420575091;-114.0704652075,51.0417399791
1006096|1071.45|1046|-114.064328595,51.0470301111;-114.0637110567,51.0470136386;-114.0637117504,51.0469995243;-114.0636480876,51.0469577567;-114.0636077265,51.0469566101;-114.0635878687,51.0473479438;-114.0643059593,51.0473678677;-114.064328595,51.0470301111
1006101|1059.53|1044.02|-114.0580147023,51.0439697146;-114.0574673691,51.0439541631;-114.0574411606,51.0443248228;-114.0579873578,51.0443408245;-114.0580147023,51.0439697146
1006120|1056.39|1048.05|-114.0708560295,51.0419029066;-114.0707711656,51.0418909118;-114.0707820682,51.04174653;-114.0705407824,51.0417389447;-114.0705226088,51.041978712;-114.0708491823,51.0419947859;-114.0708560295,51.0419029066
1006122|1054.86|1044.7|-114.0591049753,51.0417801675;-114.0589218738,51.0417748661;-114.0588858587,51.0421612632;-114.0590927764,51.042167092;-114.0590951285,51.0421104554;-114.0590797274,51.0421100137;-114.0591049753,51.0417801675
1006285|1054.43|1047.01|-114.0657286451,51.0398857282;-114.0653219593,51.0398749887;-114.0653079586,51.0400588367;-114.0657176405,51.0400695746;-114.0657286451,51.0398857282
1006286|1056.32|1048.59|-114.0713581584,51.0398885397;-114.0711716411,51.0398835292;-114.0711628526,51.0400106495;-114.0713295494,51.0400152226;-114.0713581584,51.0398885397
1006293|1072.33|1046.34|-114.0730345359,51.0422021824;-114.0726336744,51.042191285;-114.072612015,51.0424749247;-114.0730138781,51.0424864509;-114.0730345359,51.0422021824
1006294|1063.78|1044.55|-114.055733259,51.0422513579;-114.0553008822,51.0422365504;-114.0552937099,51.0423206978;-114.0552513589,51.042321437;-114.055243104,51.0423347457;-114.0552431251,51.0423525454;-114.0552911959,51.0423650184;-114.055278017,51.0425544384;-114.0555187356,51.0425632241;-114.0555166402,51.0425997235;-114.0557083006,51.0426050261;-114.055733259,51.0422513579
1006295|1055.77|1044.42|-114.054479743,51.0423100227;-114.0539903266,51.0422953268;-114.053974879,51.0425003898;-114.0540601602,51.0425061039;-114.0540560869,51.0425595048;-114.0544600857,51.0425715433;-114.054479743,51.0423100227
1006296|1054.88|1044.77|-114.0582017201,51.0423137122;-114.0577865988,51.0423008831;-114.0577681932,51.0426364791;-114.0581751954,51.0426542567;-114.0582017201,51.0423137122
1006297|1057.61|1044.65|-114.0593828578,51.0425300404;-114.0592044515,51.0425188039;-114.0592057098,51.0424991157;-114.0588740124,51.0424903834;-114.0588780703,51.0424292512;-114.0588588187,51.0424287215;-114.0588649826,51.0423415179;-114.0584759634,51.0423341618;-114.0584518428,51.0426570853;-114.0593364183,51.0426792038;-114.059343711,51.0425833695;-114.0593802181,51.0425846095;-114.0593828578,51.0425300404
1006321|1065.05|1044.63|-114.0573205799,51.0422959884;-114.0568030685,51.0422794303;-114.0567676218,51.0425621747;-114.0567456615,51.0425621854;-114.0567424306,51.0426021913;-114.0572958823,51.0426201704;-114.0573205799,51.0422959884
1006326|1063.14|1035.67|-114.0673213008,51.0425783275;-114.0671456091,51.0425722256;-114.0671239425,51.0428741134;-114.0673009159,51.0428783267;-114.0673213008,51.0425783275
1006328|1060.78|1044.65|-114.0564208621,51.0427146288;-114.0559887624,51.0426968571;-114.0559653415,51.0430232857;-114.0563977234,51.0430361129;-114.0564208621,51.0427146288
1006329|1064.36|1045.65|-114.072525416,51.0427225558;-114.0723049458,51.0427158602;-114.0722838887,51.0430214344;-114.0725020786,51.0430280416;-114.072525416,51.0427225558
1006390|1171.31294002|1046.46|-114.0724179413,51.0500623934;-114.0722176758,51.0500565922;-114.0722266618,51.0497370486;-114.0721844628,51.0497370082;-114.072146963,51.0497110942;-114.0717528166,51.0497017447;-114.0717140878,51.0497248595;-114.071694543,51.050012176;-114.07173521,51.0500396596;-114.0716624786,51.0500371197;-114.0716592766,51.0500906617;-114.0724142884,51.0501124828;-114.0724179413,51.0500623934
