2533224|1045.74733361|1041.95|-114.0479741802,51.0504008525;-114.0478594165,51.0504007809;-114.0478593273,51.050458085;-114.0479740896,51.0504581557;-114.0479741802,51.0504008525
2531456|1077.8098|1043.34|-114.0566534542,51.0441023535;-114.0566529398,51.0440699835;-114.0566444882,51.0440388535;-114.056629274,51.0440086517;-114.0566119405,51.0439829378;-114.0565826076,51.0439612517;-114.0565426385,51.0439412662;-114.0565079213,51.0439293257;-114.0564635801,51.04391649;-114.0564202048,51.0439121671;-114.0563717722,51.0439085703;-114.0563233366,51.0439071733;-114.0550303931,51.0438691244;-114.0549414455,51.0438739559;-114.0548796232,51.0438853192;-114.0548319629,51.0439016094;-114.0547891505,51.0439258712;-114.0547501554,51.0439705703;-114.0547353162,51.0440191083;-114.0547299258,51.0440639615;-114.0547419768,51.0441203755;-114.05475658,51.0441462726;-114.0547705248,51.0441627847;-114.0547786252,51.0441727882;-114.0548035011,51.0441921198;-114.0548345962,51.0442067621;-114.0548908448,51.0442221279;-114.0549571653,51.0442287599;-114.0550394028,51.0442337159;-114.056346268,51.0442721904;-114.0564101343,51.0442704066;-114.0564492607,51.0442645336;-114.056494648,51.0442590513;-114.0565616222,51.0442331249;-114.0565029247,51.0442084829;-114.056616701,51.0441914659;-114.0566248286,51.0441767116;-114.056639392,51.0441456819;-114.0566534542,51.0441023535
2529152|1163.8043|1044.48|-114.06054482,51.0427980316;-114.060469241,51.0427963707;-114.0604685892,51.0428061303;-114.0597513836,51.0427873205;-114.0597444393,51.0428740768;-114.059742716,51.0429389782;-114.059735252,51.0429387797;-114.0597328682,51.042986814;-114.0597257191,51.0431039881;-114.059737678,51.0431042733;-114.0598377002,51.0431066601;-114.0598377381,51.0431161757;-114.0600207033,51.0431209903;-114.060050334,51.0431217698;-114.0601728955,51.0431249943;-114.0604593957,51.0431325318;-114.060460685,51.043089989;-114.060525173,51.0430917032;-114.0605390501,51.0428842794;-114.06054482,51.0427980316
2517621|1161.5194|1044.22|-114.0599400039,51.0410236476;-114.0595120726,51.0410115944;-114.0595135327,51.0409804046;-114.0595210268,51.0409053437;-114.0595314276,51.0407706559;-114.0595361378,51.0407096581;-114.0597447907,51.0407148502;-114.0597452333,51.0407085967;-114.0597481521,51.0406586428;-114.0597601362,51.0404939267;-114.0591851968,51.0404767;-114.0591852198,51.0404679026;-114.0589569392,51.0404620389;-114.0589102,51.0404609109;-114.058909316,51.0404733729;-114.0587622347,51.0404694196;-114.0587617367,51.0404849217;-114.0587131727,51.0404841209;-114.0587070243,51.0405418318;-114.0586185545,51.0405391308;-114.0586090619,51.0406452396;-114.0587005896,51.04064948;-114.0586978361,51.0407059127;-114.0587390573,51.0407071263;-114.0587384644,51.0407592913;-114.0587075097,51.0407578317;-114.0587013096,51.0408672094;-114.0587323769,51.0408685377;-114.058727534,51.0409178776;-114.0586998713,51.0409171966;-114.0586793647,51.0409160805;-114.0586757704,51.0409830622;-114.0585870106,51.0409805617;-114.0585791256,51.0410917804;-114.0586695278,51.0410949588;-114.0586666126,51.0411419721;-114.0586823914,51.0411424379;-114.0586820391,51.0411570473;-114.058681413,51.0411829201;-114.0587622486,51.0411861275;-114.0589092089,51.0411906284;-114.0589610085,51.0411920883;-114.0590451876,51.0411949315;-114.0592420051,51.0412006222;-114.0592448362,51.0411731086;-114.0592610014,51.0411736173;-114.059259469,51.0411952402;-114.0595781129,51.0412042162;-114.0595797124,51.0411816377;-114.0599280832,51.0411918814;-114.0599400039,51.0410236476
2501751|1155.9026|1048.16|-114.0727066895,51.0417988887;-114.072535856,51.0417940092;-114.0723005215,51.0417872877;-114.0722965481,51.0418024316;-114.0722804682,51.0418011227;-114.0722833172,51.04179095;-114.0722095825,51.0417869367;-114.0717152137,51.0417760165;-114.0717014202,51.0417740967;-114.0716956765,51.0418296325;-114.071675827,51.0418296492;-114.0716677851,51.0420925186;-114.0716802146,51.0420948006;-114.0717384376,51.0420985469;-114.0717652486,51.0420992775;-114.0718449118,51.0421025448;-114.0718449513,51.0421022311;-114.0718852995,51.0421031781;-114.0718884046,51.0420806236;-114.0719883518,51.0420752276;-114.0720248153,51.0419655725;-114.0721185374,51.0419691017;-114.0721419255,51.04206497;-114.0721602987,51.0420637189;-114.0721648206,51.0420775253;-114.072281822,51.042066303;-114.072286243,51.0420766457;-114.0723111933,51.042074799;-114.0723197248,51.0421131557;-114.0726420032,51.0421217397;-114.0726417524,51.0419969299;-114.0726334148,51.0419970259;-114.0726356576,51.0419503237;-114.0726409075,51.0418660776;-114.0727016673,51.0418672831;-114.0727066895,51.0417988887
2481622|1052.43020787|1043.34|-114.050005043,51.0397286728;-114.0498294078,51.0397244741;-114.049829783,51.0397192851;-114.0495829907,51.0397136851;-114.0495797283,51.0397538787;-114.049576663,51.0397916522;-114.049606265,51.0397917161;-114.0496032555,51.0398284171;-114.049691317,51.0398323963;-114.0496911295,51.039834429;-114.0497474789,51.0398358946;-114.049807977,51.0398380974;-114.049809254,51.0398002473;-114.0498214188,51.0398005685;-114.0498215913,51.0397979317;-114.0500000684,51.039804569;-114.050005043,51.0397286728
2480663|1051.88914386|1041.81|-114.0479676164,51.0505828656;-114.0479674877,51.050564595;-114.0479671105,51.0505114946;-114.0479061589,51.0505116661;-114.0479060973,51.0505031538;-114.0478537702,51.0505033011;-114.0478539068,51.0505224087;-114.0478545276,51.0506099441;-114.0478549213,51.050665344;-114.047913477,51.0506651789;-114.0479134971,51.0506680502;-114.0479607955,51.0506679175;-114.0479605851,51.0506381616;-114.0479603865,51.0506102603;-114.0479461598,51.0506103003;-114.0479459661,51.0505829267;-114.0479676164,51.0505828656
2435970|1060.5928|1042.88|-114.0495085316,51.0477146647;-114.0491021817,51.0476431601;-114.048983144,51.0476232412;-114.0489680553,51.0476204868;-114.0488257591,51.0475970265;-114.0487929319,51.0476810744;-114.0488269951,51.0476941681;-114.0491794039,51.0478441497;-114.0493905342,51.0479196436;-114.0494077026,51.0478957156;-114.049415496,51.0478804657;-114.0494580724,51.0478977134;-114.0495045126,51.0477239564;-114.0495085316,51.0477146647
2418379|1047.6272936|1040.55|-114.0465339974,51.0463855093;-114.0465092504,51.0463602283;-114.0464461653,51.0463507;-114.0464060482,51.0463657926;-114.046390079,51.0464062491;-114.0464145809,51.046431701;-114.0464799194,51.0464413399;-114.0465199986,51.0464253312;-114.0465339974,51.0463855093
2408819|1080.2562|1042.53|-114.0495992562,51.0471576181;-114.0491261723,51.0471456054;-114.0491243108,51.0471734896;-114.0490499171,51.0471715161;-114.0490341593,51.047407567;-114.0490427963,51.047407796;-114.0490722342,51.0474085767;-114.0490725374,51.0474040323;-114.0491161177,51.0474055126;-114.0491139179,51.0474156845;-114.04912791,51.0474226088;-114.0491144818,51.0474566199;-114.0493191298,51.0474944964;-114.0493232997,51.0474890127;-114.0495077548,51.0475198001;-114.0495154304,51.047499783;-114.0495362092,51.0474582147;-114.0495531718,51.0474073544;-114.0495795763,51.0474068559;-114.0495992562,51.0471576181
2396883|1096.50047474|1042.57|-114.0497169413,51.0452781371;-114.0495737417,51.0452622663;-114.0494798236,51.0452654651;-114.0494042929,51.045268274;-114.0493977594,51.0452637001;-114.049294479,51.0452655686;-114.0492939912,51.0452842774;-114.0492859372,51.0453936229;-114.0492727072,51.0455519655;-114.0496984222,51.045565954;-114.0497042079,51.0454593773;-114.0497123443,51.0453719712;-114.0497154734,51.0452923514;-114.0497169413,51.0452781371
2396775|1132.9078|1042.34|-114.0551869262,51.0473675857;-114.0551673219,51.0473671886;-114.0551683546,51.047346928;-114.0549236854,51.0473419721;-114.0549242164,51.0473315554;-114.0548883701,51.0473193139;-114.0547758277,51.0473170347;-114.0547759504,51.0473146551;-114.0547453239,51.0473279311;-114.0547450145,51.0473339867;-114.0545808572,51.0473306609;-114.0545812601,51.047322756;-114.05458207,51.0473068726;-114.054444571,51.0473040978;-114.0544426492,51.047338719;-114.0544138918,51.0473381364;-114.0544162272,51.0473181161;-114.0542769132,51.0473109252;-114.0542794483,51.0472982476;-114.0537600848,51.0472811411;-114.0537531878,51.0473192239;-114.0537252134,51.0473186569;-114.053726891,51.0472857798;-114.0535699639,51.0472818199;-114.0535689851,51.0472863566;-114.0532332968,51.0472848387;-114.0532337759,51.0472960253;-114.0532169639,51.0475480403;-114.0532063264,51.0477411301;-114.0531905895,51.0478276778;-114.0532703409,51.0478344647;-114.0532719066,51.0478268839;-114.0532739215,51.0478154408;-114.0532860946,51.0478174463;-114.0532475924,51.0479502664;-114.0534285287,51.0479396919;-114.0534260708,51.0479738468;-114.053664176,51.0479802139;-114.0541066998,51.0479911212;-114.0541065214,51.0479946363;-114.0543551974,51.0480021568;-114.0544411462,51.0480054924;-114.0544407391,51.0480025476;-114.0545829324,51.0480078589;-114.054582451,51.0480048008;-114.0548173442,51.0480118701;-114.0548171925,51.048013865;-114.0548870599,51.0480159655;-114.0548901717,51.047988157;-114.0549215466,51.0479887922;-114.0549177803,51.0480130222;-114.055155159,51.0480210102;-114.055157923,51.0479213874;-114.0551607349,51.0478693616;-114.0551753185,51.0476770716;-114.0551810826,51.0476142873;-114.0551310787,51.047612948;-114.0551302337,51.047596686;-114.0551633623,51.0475971693;-114.0551434525,51.0475413031;-114.0551621298,51.0474912934;-114.0551537364,51.0474907957;-114.0551556352,51.047481752;-114.055163892,51.0474823801;-114.0551793113,51.0474846796;-114.0551869262,51.0473675857
2392151|1095.56|1043.08|-114.0537020808,51.0456740816;-114.0536970154,51.0456235445;-114.0536791744,51.0456242557;-114.0536734049,51.0455667007;-114.053688776,51.0455660887;-114.0536836486,51.0455149277;-114.0536992592,51.0455143066;-114.0536933397,51.0454552512;-114.0536810047,51.0454557424;-114.0536761167,51.0454069708;-114.0536574701,51.0454077129;-114.0536543452,51.0453765452;-114.0535793267,51.0453795327;-114.0535778022,51.0453659185;-114.0534225083,51.0453616106;-114.0534249433,51.045385711;-114.053407014,51.0453864402;-114.0534097977,51.0454112506;-114.0533951723,51.0454116923;-114.0533980922,51.0454408267;-114.053400611,51.0454659609;-114.0534193746,51.0454652134;-114.0534245652,51.04551699;-114.0534073317,51.0455176766;-114.0534127936,51.0455721843;-114.0534030595,51.0455725717;-114.053409009,51.0456319273;-114.0534217049,51.0456314217;-114.0534267686,51.0456819335;-114.0534153432,51.0456823892;-114.0534189308,51.0457129373;-114.0535072366,51.0457086601;-114.0535817858,51.0457050489;-114.0535840301,51.0457221005;-114.0536885637,51.045717937;-114.0536842398,51.0456747928;-114.0537020808,51.0456740816
2385813|1127.23355111|1042.45|-114.0505238613,51.04626002;-114.0503094971,51.0463705999;-114.050156022,51.0464396458;-114.0499383799,51.0465207428;-114.0499274439,51.0465202171;-114.0498966801,51.0465271856;-114.049900804,51.0465785988;-114.0497395997,51.0465732467;-114.0497360131,51.0466199184;-114.0497513187,51.0466203856;-114.049749555,51.0466433399;-114.0497092671,51.0466421092;-114.0497078226,51.0466608966;-114.0496933789,51.046848842;-114.0496852645,51.0469544074;-114.0496841575,51.0469688094;-114.0497663909,51.0469713212;-114.049884604,51.0469749306;-114.0501590165,51.0469833102;-114.0503525722,51.046989562;-114.0504215119,51.0469913249;-114.0504245153,51.0468875228;-114.050426008,51.0468647997;-114.0504597448,51.0468650539;-114.0504698119,51.0468651296;-114.0505182171,51.0463376335;-114.0505238613,51.04626002
2382997|1137.69105106|1041.5|-114.0501670022,51.0456822526;-114.0497862041,51.0456688212;-114.0497859117,51.0456793636;-114.049678968,51.0456743694;-114.0496791686,51.0456672558;-114.0494289415,51.0456598249;-114.0494141976,51.045876089;-114.049407214,51.0459900539;-114.0496557187,51.0459961047;-114.0496576361,51.045964799;-114.0497681447,51.0459674894;-114.0497684895,51.0459618517;-114.0498623236,51.0459641365;-114.0498980527,51.0459650058;-114.0499282711,51.0459657418;-114.0500166592,51.0459681905;-114.0500200641,51.0458895217;-114.0501054789,51.0458921731;-114.0501535058,51.0458936628;-114.0501555068,51.04586613;-114.0501670022,51.0456822526
2371932|1078.38970168|1042.44|-114.0554036348,51.0454910377;-114.0553873351,51.0453575011;-114.0553847108,51.0453500499;-114.0553622192,51.0452811183;-114.0553313006,51.0452035308;-114.0552999845,51.0451332576;-114.0552605603,51.0450706565;-114.0551896518,51.0449795368;-114.0551102064,51.0448842121;-114.0550723759,51.0448604224;-114.0550743739,51.0448508546;-114.0548995862,51.0448480754;-114.0547647429,51.0448406421;-114.0546786878,51.044835329;-114.054599174,51.0448287317;-114.0545846075,51.0448985034;-114.0545718314,51.045074549;-114.0545745811,51.0451329729;-114.0545841104,51.0452133394;-114.0546017883,51.0452911966;-114.0546316302,51.045392799;-114.0546780525,51.0455058259;-114.0547142312,51.0455823844;-114.0547535623,51.0455880663;-114.0548021487,51.0457605143;-114.0548707336,51.0458894632;-114.0549846641,51.0460263278;-114.0551100264,51.046126693;-114.0551842992,51.0460461396;-114.055291384,51.0459001102;-114.0553385827,51.0458060229;-114.0553398362,51.0458000198;-114.0553759314,51.0457049174;-114.0553895358,51.045660223;-114.0554006591,51.0455894722;-114.0554036348,51.0454910377
2344424|1156.4283|1047.28|-114.0691641076,51.0418292225;-114.0691454267,51.0418278582;-114.0691465932,51.0418164117;-114.0690779758,51.0418128672;-114.0690861336,51.0417159071;-114.0690327873,51.0417134503;-114.0689324605,51.0417097698;-114.0689344683,51.0416857435;-114.0688891246,51.041684287;-114.0688871037,51.0417081298;-114.0687441804,51.0417044203;-114.0686994824,51.041703829;-114.0686983503,51.0417163874;-114.068662303,51.0417153442;-114.0686546005,51.041714768;-114.0686545001,51.041723979;-114.0686338253,51.0417232737;-114.0686344307,51.0417141362;-114.0685838343,51.0417130754;-114.0685837322,51.0417222073;-114.068560552,51.0417214864;-114.0685612075,51.0417124729;-114.0685149014,51.0417111354;-114.0685142459,51.0417201462;-114.0685062274,51.0417199154;-114.0685068381,51.0417115087;-114.068414263,51.0417088355;-114.0684094146,51.0417755754;-114.0684052344,51.0418196663;-114.068403219,51.0418570675;-114.0683993672,51.0419285336;-114.0683894908,51.0420476355;-114.0683863392,51.0420475142;-114.0683836882,51.0420765256;-114.0685085087,51.0420794452;-114.0685186112,51.0420799903;-114.0688435702,51.0420891199;-114.0690326107,51.0420945776;-114.0690329573,51.0420898029;-114.069037495,51.0420899333;-114.0690376151,51.0420882845;-114.0690330775,51.0420881532;-114.0690409841,51.0419852026;-114.0690465036,51.041918722;-114.0690684571,51.0419200467;-114.0691540588,51.0419240693;-114.0691641076,51.0418292225
2335318|1144.2037|1047.02|-114.0665854495,51.0398099019;-114.0665058435,51.0398077646;-114.0665074159,51.0397577232;-114.0664958688,51.0397576219;-114.0664957017,51.0397405522;-114.0661629034,51.0397318224;-114.066162776,51.0397434732;-114.0661420182,51.039742915;-114.0661417395,51.0397464544;-114.0660760283,51.0397437317;-114.0660570704,51.0400242664;-114.0660663721,51.0400245156;-114.0660619828,51.0400894779;-114.0660836484,51.0400895996;-114.0660831303,51.0400972708;-114.0660444895,51.0400964683;-114.0660402147,51.0401597217;-114.0660665789,51.0401599594;-114.0660642886,51.040193843;-114.0660533072,51.0401935481;-114.0660490445,51.0402493354;-114.0660476651,51.0402770426;-114.0660419564,51.0402764749;-114.0660318043,51.0404072607;-114.0660303783,51.0404192476;-114.0662186368,51.0404243039;-114.0662175928,51.0404421167;-114.0663230076,51.0404451036;-114.066324877,51.0404271572;-114.0664513676,51.0404305545;-114.0664557536,51.0403656434;-114.0665167558,51.0403672817;-114.0665212492,51.0403007793;-114.0665347517,51.0402961005;-114.0665384799,51.0402409113;-114.0665405932,51.0401832355;-114.0665313602,51.0401830933;-114.0665330888,51.0401674583;-114.0665066037,51.0401664296;-114.0665161382,51.0400365782;-114.0665432275,51.0400373008;-114.0665439102,51.0400291611;-114.0665528368,51.0400294006;-114.0665557426,51.0399854391;-114.0665451433,51.0399851538;-114.0665467714,51.0399610523;-114.0665577002,51.0399564604;-114.0665592599,51.0399333829;-114.0665487448,51.0399331003;-114.066554426,51.0398477646;-114.0665828384,51.0398485279;-114.0665854495,51.0398099019
2333621|1078.86|1039.99|-114.0531029816,51.0446080588;-114.0530952255,51.0445758997;-114.0530731563,51.0445500481;-114.0530427245,51.0445327953;-114.0529985956,51.0444831911;-114.0529924934,51.0444168865;-114.0527391098,51.0444096844;-114.0526683295,51.0444150634;-114.0526689953,51.0444073562;-114.0523600044,51.0443989071;-114.0523523919,51.0444810012;-114.0523599248,51.0444813826;-114.0523590178,51.0445041297;-114.0523510444,51.0445039031;-114.0523428435,51.0446244313;-114.0523479545,51.044634502;-114.0523466095,51.044653319;-114.0523406281,51.0446528039;-114.0523358941,51.0447355358;-114.0527165413,51.0447377551;-114.0527150726,51.0447466835;-114.0529733037,51.0447550189;-114.0529734975,51.0447198842;-114.0529807745,51.0446997421;-114.0529942101,51.0446878219;-114.0530254609,51.0446741676;-114.0530839907,51.0446604101;-114.053100761,51.0446166099;-114.0531029816,51.0446080588
2327658|1271.6307|1046.07|-114.0639004601,51.0466260787;-114.0632854397,51.0466072175;-114.0632878424,51.0465892107;-114.0631684799,51.0465867509;-114.063168051,51.0466027259;-114.0630919744,51.0466025665;-114.0630893187,51.0466832193;-114.0631568898,51.046684249;-114.0631403069,51.0469192765;-114.0636842299,51.0469357976;-114.0638772853,51.0469421091;-114.0638786194,51.0469239123;-114.0639004601,51.0466260787
2322043|1127.73000535|1043.41|-114.0649393102,51.0403374481;-114.0645586874,51.0403272902;-114.0645597264,51.0403084651;-114.0645739716,51.0403086209;-114.0645755821,51.0402782922;-114.0645867089,51.0402785234;-114.0645883215,51.0402558387;-114.0645775324,51.0402554617;-114.0645794217,51.0402307802;-114.0645895959,51.0402309409;-114.0645921014,51.0402043892;-114.0645800645,51.0402038852;-114.0645817129,51.0401731709;-114.0644764269,51.0401710301;-114.0644773508,51.0401565921;-114.0644293247,51.0401547874;-114.064430176,51.040141483;-114.0643529069,51.0401395208;-114.0643520751,51.0401525492;-114.0643039383,51.0401511544;-114.0643022292,51.0401670052;-114.0642156037,51.0401644871;-114.0642150703,51.0401726555;-114.0641491546,51.0401708776;-114.0641461638,51.040213825;-114.0641313692,51.0402132938;-114.0641243186,51.040305669;-114.0641913475,51.040307992;-114.0641834325,51.0403856767;-114.0644230153,51.0403915042;-114.0644246229,51.0403754369;-114.0644512839,51.040375762;-114.0644506231,51.0403876603;-114.0644804416,51.0403883144;-114.0644800997,51.040393677;-114.0649368978,51.0404059765;-114.0649393102,51.0403374481
2317980|1051.92271823|1043.8|-114.0620651003,51.047121911;-114.0620529569,51.0470825433;-114.062035104,51.0470437262;-114.0619889568,51.0469953895;-114.0619357078,51.0469642611;-114.0618613198,51.046937841;-114.0618225745,51.0469312694;-114.0617651115,51.0469291665;-114.0617570315,51.0470153319;-114.0617698837,51.0470195359;-114.0617670171,51.0470527635;-114.061861313,51.0470558807;-114.0618756872,51.0470699052;-114.0618898847,51.0470969082;-114.0618916738,51.0471156661;-114.0620651003,51.047121911
2312886|1094.7|1042.7|-114.0543668591,51.0457971098;-114.0541716911,51.0457911746;-114.0541641018,51.0459187163;-114.0536611619,51.045904812;-114.0536703888,51.0457765054;-114.0534206174,51.0457683115;-114.0534199714,51.0457807329;-114.0533736423,51.0457799279;-114.053352065,51.0460972816;-114.0543003454,51.0461100292;-114.0543318605,51.0461108803;-114.054332654,51.046099205;-114.0543463106,51.0460994144;-114.0543668591,51.0457971098
2310430|1093.13|1033.11|-114.0671433189,51.0425909004;-114.0668959241,51.0425839817;-114.066883305,51.042576772;-114.0668213139,51.042567708;-114.0666904926,51.042561445;-114.0665936674,51.0425623983;-114.0665523905,51.0425653803;-114.0665508733,51.0425743934;-114.0663183142,51.0425681276;-114.0663128912,51.0426500577;-114.0662755123,51.0426496366;-114.066280579,51.0425827726;-114.066256573,51.0425641909;-114.0658969974,51.042553709;-114.0658724363,51.0425669701;-114.0658514257,51.0428758073;-114.0658780137,51.0428949935;-114.0662348236,51.0429061666;-114.0662571769,51.0428916328;-114.0662912292,51.0429080979;-114.0671157042,51.0429311796;-114.067119579,51.0428761656;-114.0670988514,51.0428787513;-114.0671108407,51.0427263315;-114.0671353822,51.0427263461;-114.0671433189,51.0425909004
2304622|1051.87|1047.83|-114.0717664859,51.0475074227;-114.0716995432,51.0475041412;-114.0716974543,51.0475210648;-114.0716902075,51.0475207096;-114.0716856031,51.0475580252;-114.0717597941,51.0475616646;-114.0717664859,51.0475074227
2304615|1053.59|1048.77|-114.0718101309,51.0469036357;-114.0717351002,51.0469005147;-114.0717311694,51.0469380591;-114.0717589137,51.0469392305;-114.0717575636,51.0469533479;-114.0718045073,51.0469550649;-114.0718101309,51.0469036357
2304612|1054.67|1048.76|-114.072775855,51.046930315;-114.0726864327,51.0469278536;-114.072685461,51.0469448448;-114.0725766422,51.0469415862;-114.0725714859,51.0470186314;-114.0727701542,51.0470237219;-114.072775855,51.046930315
2285311|1055.2203|1037.69|-114.0727309214,51.0438373452;-114.0725676107,51.0438320412;-114.072572084,51.0437242146;-114.072476883,51.0437302662;-114.0721818262,51.0437169579;-114.072182388,51.0437095509;-114.0717253521,51.0436948491;-114.0717219991,51.0437878617;-114.0718725588,51.0437900175;-114.0718735586,51.0437357162;-114.0721714227,51.0437449853;-114.0721631064,51.0438177022;-114.071779925,51.0438047538;-114.0717630368,51.0440689284;-114.0716887934,51.0440684301;-114.0716876721,51.0440995488;-114.0727121546,51.044109584;-114.0727309214,51.0438373452
2269206|1052.93985054|1041.68|-114.0462456229,51.0504327633;-114.0456486253,51.0504312836;-114.0456485394,51.0505382443;-114.0462455351,51.0505436911;-114.0462456229,51.0504327633
1604214|1108.91|1047.41|-114.0700431602,51.042144861;-114.0694162735,51.0421286039;-114.0693958978,51.0424255471;-114.0700235031,51.0424428826;-114.0700431602,51.042144861
1600492|1046.44|1042.37|-114.0491654929,51.04552549;-114.0489927889,51.0455208879;-114.0489901203,51.0455597247;-114.0491622546,51.0455648664;-114.0491654929,51.04552549
1599401|1047.42|1042.01|-114.0564433325,51.0499403843;-114.0563985477,51.0499392373;-114.0563944916,51.050005044;-114.0564392764,51.0500061911;-114.0564433325,51.0499403843
1594858|1087.1|1045.31|-114.0630109058,51.0428682226;-114.0627813096,51.0428613341;-114.0627804688,51.042872302;-114.0627562258,51.0428715959;-114.0627567848,51.0428631452;-114.0624228008,51.0428530758;-114.0624016961,51.0431716833;-114.0628787172,51.0431858113;-114.0628822223,51.04314159;-114.0629901755,51.0431443984;-114.0630109058,51.0428682226
1594854|1050.89|1044.07|-114.0562238072,51.0496803274;-114.0560639223,51.0496751902;-114.056057036,51.0497597868;-114.0560751497,51.0497604074;-114.0560700912,51.049823248;-114.0562005952,51.0498273206;-114.0562057963,51.0497646597;-114.0562169213,51.049765014;-114.0562238072,51.0496803274
1594853|1076.13|1043.38|-114.0560142616,51.0497698758;-114.0559968311,51.0497444432;-114.0559762658,51.0497213495;-114.0558118172,51.0497164838;-114.0558126596,51.049705426;-114.0557332167,51.0497031266;-114.0557325151,51.0497127459;-114.0555553731,51.0497077061;-114.0555524209,51.0497435765;-114.0555327355,51.0497405294;-114.0555183893,51.0497895302;-114.0555338622,51.0498478662;-114.0555452721,51.0498479507;-114.0555419107,51.0498993735;-114.0555148115,51.0498985773;-114.0555122852,51.0499328293;-114.0556837354,51.0499480303;-114.0556831737,51.0499553123;-114.0558543271,51.0499608042;-114.0558555894,51.0499430939;-114.0559264751,51.0499451276;-114.0559525481,51.0499228206;-114.056005139,51.0498924102;-114.0560142616,51.0497698758
1593082|1096.7036|1042.21|-114.050457889,51.0472558464;-114.0504077561,51.0472534093;-114.0504132127,51.0471944658;-114.0503738106,51.0471924511;-114.0503749296,51.0471749188;-114.0500217173,51.0471649238;-114.0500204455,51.0471757831;-114.0497514159,51.0471571076;-114.0496852272,51.047470124;-114.0497086855,51.0474737638;-114.0496762709,51.047556742;-114.0503097419,51.0476603618;-114.0503657702,51.0476739643;-114.050433153,51.0475792752;-114.0504209125,51.0475755056;-114.0504283847,51.0475485135;-114.050457889,51.0472558464
1592073|1045.32|1041.3|-114.0453315303,51.0504214977;-114.0451958951,51.0504214603;-114.045195812,51.0504825904;-114.0453314474,51.0504826278;-114.0453315303,51.0504214977
1592072|1045.31|1041.31|-114.0455217912,51.0504223227;-114.0453855857,51.0504224656;-114.0453857874,51.0504829663;-114.0455214227,51.0504829136;-114.0455217912,51.0504223227
1587120|1057.49|1046.95|-114.0662285177,51.0406487649;-114.0660315889,51.040643932;-114.0660035235,51.0406619273;-114.065984597,51.0408898279;-114.0662097625,51.0408959934;-114.0662285177,51.0406487649
