1587119|1058.32|1046.92|-114.0662915261,51.0408979194;-114.0659863909,51.040889844;-114.0659759176,51.0410285859;-114.0662805269,51.0410362184;-114.0662915261,51.0408979194
1587117|1056.05|1046.77|-114.0663487094,51.0410376828;-114.0659397305,51.0410260478;-114.0659320232,51.0411214333;-114.0663421439,51.0411332475;-114.0663487094,51.0410376828
1587115|1053.42|1046.7|-114.0663298813,51.0411337039;-114.0659448591,51.0411230442;-114.0659383112,51.0412316439;-114.0663236178,51.041241045;-114.0663298813,51.0411337039
1587111|1051.45|1046.68|-114.0662426217,51.0412397424;-114.0659368864,51.0412324538;-114.0659324168,51.0412982612;-114.0662385819,51.0413067183;-114.0662426217,51.0412397424
1587107|1054.85|1046.69|-114.0663165852,51.0413091013;-114.065954522,51.0413003164;-114.0659493841,51.0413975883;-114.0659669409,51.0414098943;-114.0663111796,51.0414181499;-114.0663165852,51.0413091013
1586651|1076.17|1045.05|-114.0670927351,51.0409149077;-114.0670690633,51.0409142021;-114.0670813615,51.0407409627;-114.0665032621,51.040724752;-114.0664908335,51.04090797;-114.0665694063,51.0409102626;-114.0665614441,51.0410258752;-114.0670837904,51.0410404995;-114.0670927351,51.0409149077
1586648|1077.46|1048.22|-114.0700050252,51.040306482;-114.0696565097,51.0402938349;-114.0696497817,51.0403715103;-114.0696706058,51.0403751837;-114.0696396875,51.040486585;-114.0697572375,51.0405219345;-114.0698663294,51.0405272631;-114.0698677378,51.0405155756;-114.069988915,51.0404976135;-114.0699740576,51.0403845315;-114.069996441,51.0403820909;-114.0700050252,51.040306482
1562177|1077.8|1043.99|-114.0604467085,51.0446568262;-114.0604084887,51.0446557672;-114.0604101689,51.0446318536;-114.0602714081,51.0446278799;-114.0602571031,51.0445936363;-114.0601117687,51.044578968;-114.059962041,51.0445854276;-114.0599475337,51.044615281;-114.0598090631,51.0446150822;-114.0598048313,51.0446511332;-114.0597325264,51.0446482935;-114.059698039,51.0446663805;-114.0596660941,51.0446654978;-114.0596695964,51.0446165919;-114.0590372491,51.0445909327;-114.0590354276,51.0446163745;-114.0588709869,51.0446036921;-114.0588718259,51.0445905666;-114.0586465005,51.0445841174;-114.0586367093,51.0446225984;-114.0585668793,51.0446598509;-114.0585002932,51.0446685144;-114.0584421727,51.0447184365;-114.0584384872,51.0447360582;-114.0584544596,51.0447364997;-114.0584448678,51.0448202888;-114.0584956375,51.0448217018;-114.0584818285,51.0449538578;-114.0585169248,51.0449657966;-114.0583154141,51.0449601438;-114.0583162538,51.0449474679;-114.0582710457,51.044946142;-114.0582434308,51.0453278598;-114.058498566,51.0453351939;-114.0585009481,51.045301661;-114.0587992881,51.0453048375;-114.0588056575,51.0452669875;-114.0588398586,51.0452473727;-114.0588379783,51.0452265174;-114.0589025816,51.045228103;-114.0589041795,51.045251116;-114.0589350025,51.0452666527;-114.0589320679,51.04531403;-114.059708027,51.0453362903;-114.0597257068,51.0450007845;-114.0604205144,51.0450205643;-114.0604467085,51.0446568262
1562176|1092.24|1046.05|-114.0604400556,51.0450237006;-114.0597257068,51.0450007845;-114.0597093229,51.0453459986;-114.0604141155,51.0453637058;-114.0604400556,51.0450237006
1562164|1099.77|1042.62|-114.0576620819,51.0450350828;-114.0571388375,51.0450200572;-114.0571423449,51.0449730392;-114.0559675075,51.0449392669;-114.0559607762,51.0450337522;-114.0560359328,51.0450358737;-114.0560189526,51.0452641312;-114.0558160148,51.0452584748;-114.0557506435,51.0461615247;-114.055988241,51.0461683332;-114.0559960727,51.0460401359;-114.0559843785,51.0460400516;-114.0563207079,51.0458495773;-114.0570533238,51.0458738539;-114.0570486954,51.0459371439;-114.0570730826,51.0459378511;-114.0571127667,51.0453893682;-114.0576587079,51.0450741898;-114.0576620819,51.0450350828
1562163|1064.26|1044.08|-114.0570526092,51.0458725957;-114.056321561,51.0458475093;-114.0559842358,51.0460399617;-114.0559959299,51.0460399561;-114.0559872428,51.0461683337;-114.0559450286,51.0461671852;-114.0559437668,51.0461851653;-114.0569513403,51.0462085015;-114.0569545626,51.0461613937;-114.0570325733,51.0461636031;-114.0570526092,51.0458725957
1558857|1091.29|1048.21|-114.0725899191,51.040836918;-114.0719286802,51.0408181787;-114.0719258873,51.0408562969;-114.0717919857,51.0408527833;-114.0717770433,51.0411490044;-114.0717988727,51.0411569919;-114.0717311498,51.0411634162;-114.0717286391,51.0411996464;-114.0717945441,51.0412164167;-114.0717715852,51.0412158016;-114.0717695097,51.0412567961;-114.0717089038,51.0412550353;-114.0716926139,51.0415101741;-114.0717529347,51.0415118451;-114.0717502844,51.0415500532;-114.0725380221,51.0415721312;-114.0725899191,51.040836918
1557087|1262.66|1045.6|-114.0648733604,51.0480384577;-114.0648538011,51.0480235456;-114.0648587981,51.0479252851;-114.0646128267,51.0477500317;-114.0642950442,51.0477246761;-114.0642980713,51.0476449356;-114.0642304675,51.0476419162;-114.064232713,51.047615665;-114.0642067556,51.0476146005;-114.0642089974,51.0475856523;-114.0637494731,51.0475720597;-114.0637458305,51.0476197072;-114.0637077509,51.0476187391;-114.0637085418,51.0475714527;-114.0635910217,51.0475675612;-114.0635762686,51.0478335753;-114.0631774874,51.0478133849;-114.0631735696,51.0478688536;-114.0630828664,51.0478692622;-114.0630677101,51.0480505932;-114.0630838402,51.0480611924;-114.0630798443,51.0481642169;-114.0632401525,51.0482740746;-114.0637096866,51.0483020474;-114.0637133118,51.0482416344;-114.0638151384,51.0482458937;-114.0638136267,51.0482817638;-114.0644605624,51.0482991186;-114.06447078,51.0482625247;-114.0647600191,51.0482708152;-114.0647660738,51.0482149856;-114.0648556389,51.0482161945;-114.0648733604,51.0480384577
1552058|1052.12949021|1044.78|-114.0589367563,51.0414082103;-114.0587305493,51.0414023655;-114.0587128951,51.0416499249;-114.0585881569,51.0416463898;-114.0585796265,51.0417660034;-114.0589097144,51.0417747302;-114.0589367563,51.0414082103
1551949|1063.8|1047.23|-114.066900682,51.0430092673;-114.0663023135,51.0429990004;-114.0662850468,51.0429905598;-114.0662874271,51.0429598136;-114.0662549127,51.0429588431;-114.0662281814,51.0433133236;-114.0668796169,51.0433340785;-114.066900682,51.0430092673
1551946|1056.18|1047.4|-114.0674411667,51.0430278351;-114.0669016863,51.0430134919;-114.0668774778,51.0433339899;-114.067424808,51.0433503963;-114.0674411667,51.0430278351
1551831|1051.68|1043.63|-114.0539075622,51.0449492248;-114.053801173,51.0449454083;-114.0537851942,51.045185891;-114.0538922959,51.0451887184;-114.0539075622,51.0449492248
1551830|1057.48|1043.58|-114.0540121944,51.045036377;-114.0540106963,51.0449744384;-114.0539780383,51.0449735545;-114.0539842394,51.0449102639;-114.0539420265,51.0449091147;-114.0539368234,51.044972315;-114.0539064474,51.0449716997;-114.0538921597,51.0451942921;-114.0539942705,51.0451973914;-114.0540121944,51.045036377
1551766|1049.06|1044.36|-114.0541835248,51.0426421514;-114.053964769,51.0426356002;-114.0539440473,51.0429654432;-114.0541600946,51.0429714563;-114.0541835248,51.0426421514
1551765|1049.07|1044.54|-114.0539621044,51.0426741674;-114.0536469484,51.0426654126;-114.0536315144,51.0428836905;-114.0539485255,51.0428922646;-114.0539621044,51.0426741674
1551687|1055.29|1046.64|-114.0646831282,51.0426243165;-114.0638153747,51.042599802;-114.0637985863,51.0428354322;-114.0646663443,51.0428599468;-114.0646831282,51.0426243165
1551686|1055.86|1046.09|-114.0638201298,51.0425319269;-114.063589957,51.0425193768;-114.063578902,51.0426731074;-114.0635550869,51.0426724011;-114.0635508895,51.0427313761;-114.0635849723,51.0427323464;-114.0635789565,51.0428171229;-114.0637994254,51.0428233855;-114.0638201298,51.0425319269
1551684|1052.06|1046.81|-114.065517723,51.0426956796;-114.0646797722,51.0426719639;-114.0646663443,51.0428599468;-114.0655042991,51.042884112;-114.065517723,51.0426956796
1551494|1061.83|1045.45|-114.0628872775,51.0424516148;-114.0626187536,51.0424445672;-114.0625936717,51.042773605;-114.062705189,51.0427765119;-114.0627063057,51.0427586217;-114.0627627771,51.0427599398;-114.0627612449,51.04278682;-114.0628630648,51.0427892824;-114.0628872775,51.0424516148
1551493|1067.34|1045.53|-114.0631001898,51.0424601302;-114.0628884209,51.042453502;-114.0628626639,51.0428091499;-114.0630761415,51.0428127207;-114.0631001898,51.0424601302
1543539|1047.65|1040.76|-114.0536226711,51.0441171762;-114.0535807554,51.0440022167;-114.0535053281,51.0440110612;-114.0534993148,51.0439902977;-114.0534321578,51.043998599;-114.0534385467,51.0440979326;-114.0534802626,51.0441634487;-114.0536226711,51.0441171762
1543529|1051.7|1043.75|-114.0512022976,51.0484320741;-114.0511242732,51.0482911493;-114.0511861542,51.0482776376;-114.0510978423,51.0481190975;-114.0510366746,51.0481326088;-114.0509586511,51.0479915041;-114.0507529053,51.0480368119;-114.0508307856,51.0481778269;-114.0507677642,51.0481917884;-114.050855647,51.0483501492;-114.0509179559,51.0483365476;-114.050995837,51.0484773827;-114.0512022976,51.0484320741
1543528|1046.36|1043.04|-114.0504656547,51.0485423388;-114.0504003082,51.0485171059;-114.05035928,51.0485592854;-114.0504246265,51.0485845184;-114.0504656547,51.0485423388
1523750|1104.86|1042.67|-114.0562599593,51.0495016842;-114.0562110543,51.0492775938;-114.0559927246,51.049295768;-114.0557220905,51.049345161;-114.055557368,51.0493485656;-114.0555472376,51.0494641783;-114.0555923131,51.0494702699;-114.0556009206,51.0495122478;-114.0557458551,51.0495386086;-114.0559425407,51.0495478639;-114.0559449846,51.0495639544;-114.0562599593,51.0495016842
1429885|1049.56|1042.42|-114.0551538557,51.0493156745;-114.0543095119,51.0492889209;-114.0542936334,51.049492186;-114.0544341201,51.0494965256;-114.0544347849,51.0495769834;-114.0544954012,51.0495789329;-114.0544897819,51.0496518422;-114.0546090177,51.0496555622;-114.0546049425,51.049707255;-114.0546855266,51.0497097345;-114.0546897404,51.0496547154;-114.055126178,51.0496682646;-114.0551538557,51.0493156745
1429884|1048.47|1042.51|-114.0552046227,51.0496707447;-114.0546897404,51.0496547154;-114.0546846831,51.049720163;-114.0551540218,51.0499358757;-114.0551858136,51.0499249831;-114.0552046227,51.0496707447
1428858|1061|1048.11|-114.0649138519,51.0456833954;-114.06447189,51.0456719534;-114.0644430109,51.0460311091;-114.0648762798,51.0460446237;-114.0649024593,51.0456949985;-114.0649138519,51.0456833954
1428857|1060.9|1048.12|-114.0644711736,51.0456695266;-114.0641427317,51.0456600883;-114.0641199002,51.0459598185;-114.0644477747,51.0459698864;-114.0644711736,51.0456695266
1428855|1060.41|1048.01|-114.0641424585,51.0456688084;-114.0640279386,51.0456653652;-114.0640007576,51.0460174181;-114.0641157057,51.0460205015;-114.0641424585,51.0456688084
1428853|1066.05|1048.04|-114.064029639,51.0456574533;-114.0638275534,51.0456512711;-114.0638055711,51.0459477644;-114.0640045388,51.0459671634;-114.064029639,51.0456574533
1428851|1056.47|1047.87|-114.0638271327,51.0456564853;-114.0637424194,51.0456539245;-114.0637155162,51.0460022015;-114.063801086,51.0460048517;-114.0638271327,51.0456564853
1428849|1065.2|1047.72|-114.0637425529,51.0456472721;-114.0635910956,51.04564259;-114.0635717672,51.0460037181;-114.0637150973,51.0460086743;-114.0637425529,51.0456472721
1428384|1051.69|1044.11|-114.049233892,51.0403630152;-114.0490570911,51.0402414583;-114.0490271649,51.0402587312;-114.0489715043,51.0402117382;-114.0486647796,51.0402036856;-114.0486598298,51.0402427931;-114.0485387651,51.0402392475;-114.0485334173,51.0403069425;-114.0485580869,51.040308011;-114.0485384132,51.0405848133;-114.0487135237,51.0405902242;-114.0487187194,51.0405137193;-114.0487419621,51.0405137096;-114.0487423541,51.0404795484;-114.0487215344,51.0404785682;-114.0487270109,51.0403978381;-114.0488475056,51.0404012938;-114.0488403162,51.0404801368;-114.048814507,51.0404802375;-114.048812267,51.0405197034;-114.0488380775,51.0405207714;-114.0488344448,51.0405918817;-114.0490064186,51.0405975632;-114.0490185061,51.040431158;-114.0489854006,51.0404085178;-114.0490271549,51.0403844078;-114.0491311767,51.0404520568;-114.0491302179,51.0404892748;-114.0492251853,51.0404895045;-114.049233892,51.0403630152
1428383|1067.19|1044.84|-114.057078699,51.0427330979;-114.0564210043,51.0427142691;-114.0563980047,51.0430328765;-114.0568104215,51.043044723;-114.0568122419,51.0430173933;-114.0568314936,51.0430179233;-114.0568421759,51.0428908932;-114.057065924,51.0428971669;-114.057078699,51.0427330979
1428382|1064.13|1044.7|-114.0564843723,51.0422892936;-114.0560833722,51.0422790586;-114.0560494515,51.0422938181;-114.0560201033,51.0423163065;-114.0559984982,51.0426109105;-114.0564660995,51.0426246197;-114.0564843723,51.0422892936
1428381|1168|1044.46|-114.0543098439,51.0412796979;-114.053729891,51.0412656723;-114.0536724624,51.0412980617;-114.0536681458,51.0415113902;-114.0536531728,51.0415110375;-114.0536254444,51.0419491202;-114.053678249,51.041986673;-114.0538128634,51.0419884091;-114.0538162629,51.04196872;-114.0539222141,51.0419695701;-114.0539438941,51.041974055;-114.0539430543,51.0419876299;-114.0539965378,51.0419956061;-114.0540893564,51.0419847755;-114.0540885186,51.0420000584;-114.0542452382,51.0420039413;-114.0542574143,51.0418070603;-114.054295755,51.04179176;-114.0543065461,51.0417521102;-114.054265149,51.0417145523;-114.0542698012,51.0416687025;-114.0542573837,51.0416588196;-114.0542228746,51.0416582063;-114.0542188146,51.0417227545;-114.0541249831,51.0417204607;-114.0541514093,51.0416373832;-114.0541328216,51.0415944209;-114.0541388809,51.041532299;-114.0541973283,51.0415176186;-114.0542607874,51.0415208255;-114.0542575708,51.0415748553;-114.0543016283,51.0415706996;-114.0543039954,51.0415218842;-114.0542750475,51.0415211785;-114.0543098439,51.0412796979
1428371|1062.64|1045|-114.0603074548,51.0424061379;-114.0599654897,51.0423965151;-114.0599422444,51.0427268099;-114.060286351,51.0427364318;-114.0603074548,51.0424061379
1428370|1067.07|1044.94|-114.0599670235,51.0423696349;-114.0597558263,51.0423633604;-114.0597322949,51.042694015;-114.0598806044,51.0426982542;-114.059882425,51.0426725426;-114.0599453139,51.0426743083;-114.0599670235,51.0423696349
1428368|1065.28|1045.04|-114.0604216465,51.0423828854;-114.0603131242,51.0423795254;-114.0602900235,51.0427093708;-114.0603966913,51.042711653;-114.0604216465,51.0423828854
1428365|1055.91|1044.77|-114.0579445559,51.0427241316;-114.057720238,51.04271777;-114.0576978653,51.0430746736;-114.0579177632,51.0430801385;-114.0579445559,51.0427241316
1428364|1058.53|1044.67|-114.0581725713,51.0427224002;-114.0579638071,51.0427243019;-114.0579424688,51.0429943641;-114.0579257841,51.0429940128;-114.0579191995,51.0430884083;-114.058146799,51.0430947679;-114.0581725713,51.0427224002
1428114|1147.04|1047|-114.0654060484,51.0434925025;-114.0650791763,51.0434730874;-114.0650783375,51.0434851341;-114.0648340506,51.0434787073;-114.06481448,51.043760906;-114.0653864971,51.0437859384;-114.0654060484,51.0434925025
1428104|1063.46|1045.26|-114.0615478006,51.0428504833;-114.0609415856,51.0428350689;-114.0609252355,51.0430898466;-114.0610381375,51.0431693469;-114.0615298467,51.0431838322;-114.0615478006,51.0428504833
1428103|1051.31|1045.41|-114.0620952658,51.0428668248;-114.0615563573,51.0428510182;-114.0615335541,51.0431836505;-114.0620724688,51.0432012551;-114.0620952658,51.0428668248
1427896|1113.09|1047.67|-114.0713358039,51.0473378083;-114.0712463809,51.0473352559;-114.0712542019,51.0472274642;-114.0710907591,51.0472227992;-114.0710829362,51.0473296019;-114.070865297,51.0473231716;-114.0708490932,51.0475456772;-114.0713198859,51.0475592351;-114.0713358039,51.0473378083
