1427888|1111.94|1047.33|-114.0707396119,51.0481382566;-114.070408299,51.0481289276;-114.070378184,51.0484902429;-114.0707133521,51.0485009182;-114.0707396119,51.0481382566
1427883|1077.72|1047.31|-114.0713675575,51.0479552935;-114.0711586072,51.0479438241;-114.071157343,51.0479564105;-114.0711246824,51.0479554415;-114.0711297708,51.047832459;-114.071159866,51.0478345982;-114.0711660461,51.0477725653;-114.0708909412,51.0477730021;-114.0708777158,51.0479847183;-114.0708366404,51.0479834846;-114.070825466,51.0481374855;-114.0709251594,51.0481403017;-114.0709262788,51.0481261872;-114.0713560015,51.0481382416;-114.0713675575,51.0479552935
1427838|1063.17|1048.43|-114.0736062348,51.047086691;-114.0733115481,51.0470785005;-114.0733128814,51.0470594387;-114.0731316902,51.047054402;-114.0731303568,51.0470734647;-114.0728353195,51.0470652624;-114.0728188753,51.0473002939;-114.0729048012,51.0473026828;-114.0729031107,51.0473268456;-114.0729888569,51.0473346671;-114.0730242596,51.047330213;-114.0730259501,51.0473060503;-114.0733802793,51.0473159166;-114.0733785904,51.0473400623;-114.0734130133,51.0473464567;-114.0734997237,51.0473434293;-114.0735014154,51.0473192377;-114.0735898287,51.047321728;-114.0736062348,51.047086691
1427828|1079.05|1047.81|-114.072003011,51.0453511179;-114.0716734295,51.0453420611;-114.0716758063,51.0456808827;-114.0719794341,51.0456891464;-114.072003011,51.0453511179
1427827|1089.78|1048.54|-114.0684280272,51.0457796486;-114.0680687807,51.0457706889;-114.068040933,51.0461335307;-114.0683991877,51.0461450082;-114.0684280272,51.0457796486
1427826|1057.52|1048.54|-114.0686202832,51.0457921215;-114.068427466,51.0457859418;-114.0683994668,51.0461408728;-114.0685987029,51.046146959;-114.0686202832,51.0457921215
1427825|1193.77|1048.1|-114.0702180405,51.045859944;-114.0696371588,51.0458384465;-114.0696346437,51.0458730585;-114.0695368492,51.0458970294;-114.0694645052,51.0458697436;-114.0694677383,51.0458383675;-114.0686213146,51.0458145054;-114.0685977047,51.0461470494;-114.0680935611,51.0461368262;-114.0680569107,51.0465264626;-114.0701662277,51.0465849971;-114.0702180405,51.045859944
1427821|1119.46|1043.68|-114.0694945913,51.0472963063;-114.0694490957,51.0472951646;-114.0692894746,51.0471755162;-114.0682346574,51.0471444929;-114.0680420075,51.0472563475;-114.0680050688,51.0472552003;-114.0679985128,51.0473555296;-114.0680323136,51.047356319;-114.0682136154,51.047479912;-114.0682921496,51.0474483122;-114.0683428287,51.047482893;-114.0683749183,51.0474837732;-114.0684297791,51.0474526366;-114.068500568,51.0474879248;-114.0686266797,51.0474186299;-114.0687237646,51.0474909402;-114.0688457449,51.0474248838;-114.0689539579,51.0474997944;-114.0689824825,51.0475008563;-114.0690394833,51.0474705272;-114.0691149752,51.0475032951;-114.0691729747,51.0474732351;-114.0692437635,51.0475080734;-114.0693113108,51.0474731532;-114.0693695571,51.0475129431;-114.069480084,51.0475132371;-114.0694945913,51.0472963063
1427820|1209.64|1047.03|-114.0701452618,51.0468670175;-114.070048043,51.0468010912;-114.0691354285,51.046776733;-114.0690423825,51.0468305466;-114.0690264315,51.0468451194;-114.0691111468,51.0468473168;-114.0693272808,51.0469935416;-114.0692541821,51.0470350276;-114.0692797376,51.0470536212;-114.0693528357,51.0470116857;-114.0694097927,51.0470480603;-114.0694058888,51.0471077544;-114.0695090023,51.0471103901;-114.0694810804,51.0475119779;-114.0696913034,51.047517786;-114.0700130477,51.0473320457;-114.0700169543,51.0472745989;-114.0701175012,51.0472772356;-114.0701452618,51.0468670175
1427819|1113.24|1047.04|-114.0700521054,51.0481706741;-114.0700418365,51.0481703207;-114.070045892,51.0481170092;-114.0692191067,51.0480926002;-114.0691916937,51.0484549924;-114.0695994562,51.048467246;-114.0696019751,51.0484350613;-114.069942704,51.048445286;-114.0699800245,51.0484151481;-114.0700363386,51.0484019893;-114.0700521054,51.0481706741
1427818|1059.25|1044.64|-114.0692188268,51.0480961963;-114.06856832,51.0480742852;-114.0685411775,51.0484300246;-114.0691915553,51.0484577793;-114.0692188268,51.0480961963
1427816|1085.78|1044.49|-114.0685544709,51.0482571444;-114.0683117258,51.048249825;-114.0683254373,51.0480696628;-114.0679493408,51.0480582853;-114.0679251948,51.048418338;-114.0685407594,51.0484366773;-114.0685544709,51.0482571444
1427815|1062.62|1047.48|-114.0695670232,51.0490944787;-114.0695297979,51.049093422;-114.069536627,51.0489870695;-114.0692980198,51.0489837052;-114.0692964833,51.0490053714;-114.0687191353,51.0489887217;-114.068716342,51.0490286377;-114.0689034667,51.0490340113;-114.068880297,51.0493745558;-114.0693930416,51.049390434;-114.0694120366,51.0491218996;-114.0695647888,51.0491262137;-114.0695670232,51.0490944787
1427814|1159.94|1047.21|-114.0695245182,51.0487105527;-114.0689159361,51.0486910458;-114.0688956379,51.048948164;-114.068721777,51.0489426927;-114.068719563,51.0489886315;-114.0692959135,51.0490058212;-114.0692975913,51.048983256;-114.0695019696,51.0489864608;-114.0695245182,51.0487105527
1427812|1056.44|1047.3|-114.0689041805,51.0490344603;-114.0683868781,51.0490199311;-114.0683628476,51.0493595771;-114.068880297,51.0493745558;-114.0689041805,51.0490344603
1427810|1138.97|1047.59|-114.0699654246,51.0491373916;-114.0694120366,51.0491218996;-114.0693930416,51.049390434;-114.0699465749,51.0494055664;-114.0699654246,51.0491373916
1427808|1056.62|1047.23|-114.0699991717,51.0487232146;-114.069524523,51.0487136991;-114.0695041079,51.0489858303;-114.0695381954,51.0489867989;-114.0695302243,51.0490924329;-114.0695671643,51.0490934897;-114.0695647894,51.0491265733;-114.0699654246,51.0491373916;-114.0699991717,51.0487232146
1427742|1087.35|1045.34|-114.0633267693,51.0494598627;-114.0629590793,51.0494498131;-114.0629331454,51.049677357;-114.0629380318,51.0498100427;-114.0633020164,51.0498200046;-114.0633267693,51.0494598627
1427741|1058.05|1045.34|-114.0634092726,51.0498233625;-114.0629430253,51.0498113885;-114.0629420472,51.049826312;-114.0629041085,51.0498253435;-114.0629008948,51.0498745191;-114.0629386911,51.0498755775;-114.0629272466,51.0499552326;-114.0628930161,51.0499543521;-114.0628832491,51.0501142846;-114.062896834,51.050140707;-114.0629674739,51.050171324;-114.0630460626,51.0501738886;-114.0630483174,51.0501538403;-114.0630882532,51.0501548975;-114.0631628567,51.0501634874;-114.063161599,51.0501825463;-114.0633831005,51.0501883596;-114.0634092726,51.0498233625
1427712|1068.77|1043.33|-114.058924891,51.0475255076;-114.0587352067,51.0475202991;-114.0587377219,51.0474793047;-114.0587117433,51.0474613383;-114.0582828841,51.0474478885;-114.0582390194,51.0480648755;-114.0586673111,51.0480761682;-114.0586970965,51.0480591626;-114.0587000401,51.0480185276;-114.0588683333,51.0480232075;-114.0588761758,51.0479095734;-114.0588547826,51.0479089549;-114.0588563248,51.047888008;-114.0587418002,51.0478848293;-114.058748243,51.0477919622;-114.0587158681,51.0477910795;-114.0587228705,51.047689492;-114.0587639452,51.04769064;-114.0587661853,51.0476576466;-114.0589112301,51.0476617089;-114.058924891,51.0475255076
1427711|1053.73|1043.97|-114.0596059976,51.046841673;-114.0593886531,51.0468396261;-114.059387673,51.0468538304;-114.0584793354,51.0468247122;-114.0582447113,51.0468037934;-114.0582413473,51.0468506316;-114.0593232569,51.0468889231;-114.0592997274,51.0472253307;-114.0594266582,51.0472287723;-114.0594500449,51.0468929939;-114.0596027888,51.0468972312;-114.0596059976,51.046841673
1427706|1102.27|1044.72|-114.0602509828,51.0469112824;-114.0602469528,51.046882877;-114.0600033654,51.0468793165;-114.0599241599,51.0468363862;-114.0598314579,51.046833557;-114.0598303347,51.0468473118;-114.0596054259,51.0468406845;-114.0596013638,51.0468981309;-114.0597391329,51.0469020161;-114.0598523261,51.0469804385;-114.0598482791,51.0470493918;-114.0599014761,51.0470510726;-114.0598923461,51.0471594934;-114.0599100308,51.0471600237;-114.0599058243,51.0472157622;-114.0599236517,51.0472162925;-114.0599216889,51.0472424536;-114.0600908357,51.0472475808;-114.0600926596,51.0472242965;-114.06010792,51.047224828;-114.0601119848,51.0471699886;-114.0601300974,51.0471705186;-114.0601365478,51.0470856522;-114.0602214061,51.0470882156;-114.0602509828,51.0469112824
1427695|1126.17|1043.83|-114.0593232569,51.0468889231;-114.0582705914,51.0468573593;-114.05824563,51.0471952058;-114.0592985864,51.0472252414;-114.0593232569,51.0468889231
1427676|1106.83|1044.02|-114.0593886533,51.046839716;-114.0593257589,51.0468380399;-114.0593461515,51.0465024429;-114.058313749,51.0464735661;-114.0582900554,51.0467984668;-114.0583066119,51.0468091564;-114.0593878155,51.0468537404;-114.0593886533,51.046839716
1427651|1061.72|1044.85|-114.0602160357,51.0466859279;-114.0602145463,51.0466371144;-114.059643511,51.046624462;-114.0596212787,51.0466362499;-114.0596201623,51.0466553087;-114.0596672415,51.0466686794;-114.0596148005,51.0467000803;-114.0596126964,51.0467274101;-114.0596325508,51.0467517622;-114.0596123136,51.0467625602;-114.0596054259,51.0468406845;-114.0598029521,51.0468465168;-114.0598054744,51.0468118151;-114.0602001106,51.0468325586;-114.0602160357,51.0466859279
1427635|1066.11|1043.67|-114.057457901,51.0464447734;-114.0567391119,51.0464227401;-114.056736727,51.0464550144;-114.0563724843,51.0464445827;-114.0563504628,51.0467482665;-114.0574119657,51.0467792139;-114.0574136479,51.04675566;-114.0574353258,51.0467562786;-114.057457901,51.0464447734
1427634|1073.9|1043.39|-114.0578644995,51.0464551807;-114.0574574788,51.0464493583;-114.0574353258,51.0467562786;-114.0574136479,51.04675566;-114.0574123081,51.0468255109;-114.0573920564,51.0468248915;-114.0573679387,51.0471582426;-114.0574727779,51.0471728443;-114.0577694108,51.0471698214;-114.0577939,51.0468360208;-114.0577677112,51.0468353144;-114.0577707911,51.0467890157;-114.0578401035,51.046791139;-114.0578644995,51.0464551807
1427465|1132.93|1043.49|-114.0667521242,51.0506720192;-114.0667127167,51.050642016;-114.0667181665,51.0505637124;-114.0666784795,51.0505375749;-114.0665551041,51.0505336898;-114.0665114225,51.0505067455;-114.066355517,51.0504945181;-114.066100221,51.0504952022;-114.0660554715,51.0505194098;-114.0659288163,51.0505158855;-114.0658839241,51.0505400931;-114.0658793095,51.0506049117;-114.065793874,51.0506024427;-114.0657789081,51.0508106531;-114.0660400504,51.0508078089;-114.0660738864,51.0508316126;-114.0664836648,51.0508433366;-114.0665279854,51.0508183199;-114.0666549272,51.0508222031;-114.0667052373,51.0507968233;-114.0667111108,51.0507155529;-114.0667507266,51.0506919772;-114.0667521242,51.0506720192
1427464|1053.78|1044.99|-114.0625694456,51.0499837423;-114.0622217177,51.0499729605;-114.0622194742,51.0500016389;-114.0621518683,51.0499995174;-114.0621396667,51.0501538774;-114.0625229108,51.050165989;-114.0625311945,51.0500686258;-114.0625620023,51.0500695982;-114.0625694456,51.0499837423
1427394|1061.96|1044.93|-114.0625356372,51.0504022322;-114.0624776776,51.0503618094;-114.0623209285,51.0503574881;-114.0623083343,51.0505378287;-114.0625241329,51.0505440063;-114.0625356372,51.0504022322
1427393|1055.2|1044.82|-114.0625241329,51.0505440063;-114.0623084771,51.0505379185;-114.0623035768,51.0506061532;-114.0625193756,51.0506122408;-114.0625241329,51.0505440063
1427391|1053.5|1044.64|-114.0625193756,51.0506122408;-114.0623037195,51.050606243;-114.0623002134,51.0506505642;-114.0625161551,51.0506567417;-114.0625193756,51.0506122408
1427389|1053.59|1044.49|-114.0625161548,51.050656472;-114.0622949361,51.0506504771;-114.0622918576,51.0506946183;-114.0625132203,51.0507015121;-114.0625161548,51.050656472
1427387|1053.58|1044.42|-114.0625127923,51.0507014224;-114.0622918579,51.0506947981;-114.0622884955,51.0507400182;-114.0625102852,51.0507461027;-114.0625127923,51.0507014224
1427385|1053.4|1044.35|-114.0623193881,51.0503787047;-114.0621585026,51.0503742056;-114.0621353105,51.050735515;-114.0622942014,51.0507406444;-114.0623193881,51.0503787047
1427377|1052.73|1044.41|-114.0625070722,51.0507961772;-114.0622849976,51.0507904524;-114.0622816395,51.0508389088;-114.0625042857,51.0508451727;-114.0625070722,51.0507961772
1427373|1052.76|1044.33|-114.0625101423,51.050745923;-114.0622066256,51.0507375447;-114.0622029853,51.0507882487;-114.0625075,51.0507960871;-114.0625101423,51.050745923
1427369|1052.72|1044.12|-114.0625037152,51.050845173;-114.0620930823,51.0508337052;-114.0620897216,51.0508802738;-114.0625020659,51.0508913811;-114.0625037152,51.050845173
1427367|1052.72|1044.21|-114.0625016382,51.0508915611;-114.0621752996,51.0508824757;-114.0621720823,51.0509295836;-114.0624985629,51.0509379497;-114.0625016382,51.0508915611
1427365|1052.72|1044.35|-114.0624985629,51.0509379497;-114.0622412577,51.0509311649;-114.0622377562,51.0509789921;-114.0624952046,51.0509860465;-114.0624985629,51.0509379497
1427344|1054.13|1044.02|-114.061018768,51.0503518823;-114.0608893894,51.0503373865;-114.0608902297,51.0503256095;-114.0606891385,51.0503316473;-114.0606543876,51.0508060531;-114.0608757498,51.0508124106;-114.0608838777,51.0507022823;-114.0609928469,51.0507053719;-114.061018768,51.0503518823
1427323|1095.37|1043.6|-114.0614435167,51.0504715828;-114.0613463862,51.050468847;-114.061347787,51.0504496082;-114.0612526439,51.0504397694;-114.0612599466,51.0503535541;-114.0610273278,51.0503536758;-114.0609928455,51.0507042931;-114.0614257278,51.0507168318;-114.0614435167,51.0504715828
1427311|1080.11|1043.55|-114.0617736193,51.0504176502;-114.0616950313,51.0504158938;-114.0616993775,51.0503593461;-114.0615879842,51.0503561686;-114.0615836378,51.0504126263;-114.0614482826,51.0504086522;-114.0614257271,51.0507162924;-114.0617510651,51.0507246612;-114.0617736193,51.0504176502
1427301|1059.43|1043.61|-114.0621152879,51.0503744084;-114.0617773995,51.0503646088;-114.0617591904,51.0506141732;-114.0619731353,51.0506204427;-114.0619704717,51.0506551445;-114.0620944172,51.0506587645;-114.0621152879,51.0503744084
1427292|1051.85|1043.48|-114.0606919775,51.0503213076;-114.0604827394,51.0503140445;-114.0604674772,51.0505319633;-114.0604363839,51.0505309906;-114.0604221827,51.0506875989;-114.0606649389,51.0506946649;-114.0606919775,51.0503213076
1427290|1053.89|1043.41|-114.0606659375,51.0506948442;-114.0604114863,51.050687964;-114.0604041966,51.0507854164;-114.0606587916,51.050792746;-114.0606659375,51.0506948442
1427287|1081.74|1042.38|-114.0599186491,51.0496394763;-114.0597661812,51.0496350595;-114.0597581032,51.0495641347;-114.0594096753,51.0495606265;-114.059410517,51.0495496586;-114.0593875542,51.049549041;-114.0593939811,51.0494445771;-114.0589916332,51.0494329145;-114.0589857463,51.0495141846;-114.0588416939,51.049510032;-114.0588428172,51.0494960973;-114.058731854,51.049492827;-114.0587367607,51.0494255813;-114.0581906462,51.0494097629;-114.0581215219,51.0503586629;-114.0584077762,51.050365712;-114.0585636569,51.0504733309;-114.0586247904,51.0504320374;-114.0586022361,51.0504164066;-114.0586318803,51.0503993112;-114.0586550054,51.0504152114;-114.0587476433,51.0503618558;-114.0586505745,51.0502947513;-114.0586047241,51.0502405663;-114.058681256,51.0501956692;-114.058687284,51.0501127809;-114.0593109966,51.0501308051;-114.0593053883,51.0502065014;-114.0592427745,51.0502047352;-114.059214599,51.0505903188;-114.0591766595,51.0505891694;-114.0591742735,51.0506194659;-114.0594348578,51.050626975;-114.0598659766,51.0503788184;-114.0598833471,51.0501346485;-114.0597766613,51.0501316466;-114.0597819865,51.0500582877;-114.0598586585,51.0500124908;-114.0598914628,51.050013373;-114.0599186491,51.0496394763
1427273|1085.06|1045.92|-114.0644637822,51.0440430181;-114.0630570896,51.0440098042;-114.0630677204,51.0438573326;-114.0619717657,51.043822769;-114.0617309046,51.0438199298;-114.0617178352,51.0439649412;-114.0619233351,51.0439706758;-114.0619189977,51.0440332466;-114.0619449526,51.0440339521;-114.0619390734,51.0441165709;-114.0618572145,51.0441135577;-114.0618441423,51.0443633893;-114.0620164222,51.044373007;-114.0620143219,51.0444020449;-114.0620385935,51.0444235175;-114.0620949109,51.0444147676;-114.0621069187,51.0443298082;-114.0625448754,51.0443420704;-114.0625862158,51.044330901;-114.0626019813,51.0443895056;-114.062866182,51.0443549331;-114.0628530012,51.0443097218;-114.0628667583,51.0442538882;-114.0626438173,51.0442170601;-114.0626489786,51.0441317447;-114.0628976901,51.0441386231;-114.0629326643,51.0441653038;-114.0630405705,51.0441318039;-114.0631399576,51.044125817;-114.0632527732,51.044137173;-114.0633316824,51.0441730892;-114.0633910728,51.044222051;-114.0635446683,51.044229519;-114.0635626037,51.0443097876;-114.063527382,51.0444153462;-114.0636121198,51.0444374149;-114.0636001662,51.0444558503;-114.0637178631,51.0444903967;-114.0641683714,51.0445030056;-114.0642630092,51.0444651967;-114.0642680217,51.044377544;-114.0642901264,51.0443781611;-114.0643029945,51.0441964715;-114.0644369054,51.0442001734;-114.0644637822,51.0440430181
1427271|1247.11|1048.1|-114.0633892434,51.0442964627;-114.0633586319,51.0441804228;-114.0632526218,51.0441265031;-114.0630701486,51.0441175329;-114.0629356162,51.0441534836;-114.0628956701,51.0441265375;-114.0626475024,51.0441220654;-114.0626417309,51.0442074781;-114.0626860924,51.044207475;-114.0626818539,51.0442748868;-114.0626365597,51.0442748913;-114.0626331179,51.0443198329;-114.0625862223,51.0443198364;-114.0626010296,51.044382753;-114.0628518377,51.0443396556;-114.0629009144,51.0444029439;-114.0629547555,51.0444359558;-114.0630510994,51.0444641212;-114.0630464553,51.0444770802;-114.063178709,51.0444770672;-114.0632691597,51.0444427692;-114.0633350668,51.0444044723;-114.0633792652,51.044343391;-114.0633892434,51.0442964627
1427237|1080.63|1046.1|-114.0645057231,51.0437459741;-114.0640038792,51.0437292593;-114.0640146468,51.0435748098;-114.0636889297,51.0435657283;-114.0636794047,51.0436911403;-114.0636076725,51.0436891117;-114.0636060003,51.0437176101;-114.063444568,51.0437135626;-114.0634462418,51.0435817721;-114.0634186697,51.0435452888;-114.0633344854,51.0435095553;-114.063274587,51.0435056322;-114.0631718109,51.043535264;-114.0631319483,51.0435839201;-114.0631129457,51.0436620511;-114.0631300235,51.0434267805;-114.0619485184,51.0433928921;-114.0619327408,51.0436452424;-114.0617434998,51.0436400386;-114.0617309046,51.0438199298;-114.0630677204,51.0438573326;-114.0630579356,51.0440027019;-114.0644837456,51.044042198;-114.0645057231,51.0437459741
