1427236|1126.03|1044.36|-114.0619485184,51.0433928921;-114.0609916242,51.0433673252;-114.0609905044,51.0433833275;-114.0609371694,51.0433819169;-114.06093353,51.0434339694;-114.0608586611,51.0434319408;-114.0608508269,51.0435475529;-114.0609242699,51.0435495822;-114.0609206292,51.0436006458;-114.060962271,51.0436019726;-114.0609591926,51.043646833;-114.0617425307,51.043661974;-114.0617434998,51.0436400386;-114.0619327408,51.0436452424;-114.0619485184,51.0433928921
1427235|1155.89|1048.08|-114.0619449526,51.0440339521;-114.0619189977,51.0440332466;-114.0619233351,51.0439706758;-114.0612134264,51.0439508228;-114.0611832853,51.044344589;-114.061201984,51.0443577941;-114.0618244782,51.0443749066;-114.0618441423,51.0443633893;-114.0618572145,51.0441135577;-114.0619390734,51.0441165709;-114.0619449526,51.0440339521
1427232|1114.75|1045|-114.0654567227,51.0441354201;-114.0654440304,51.0441350676;-114.0654561902,51.0440611651;-114.0652777854,51.0440562307;-114.065276107,51.0440796049;-114.0652568389,51.0440678391;-114.0648618101,51.0440570915;-114.0648599925,51.0440830729;-114.064776709,51.0440812312;-114.0647786668,51.0440534518;-114.0645402232,51.0440467516;-114.0645358899,51.0441096821;-114.064446331,51.0441072144;-114.0644175306,51.0445226459;-114.0647918673,51.0445203714;-114.0647910284,51.0445324181;-114.0654272182,51.0445507623;-114.0654567227,51.0441354201
1427231|1136.01|1043.57|-114.0678218109,51.0441308353;-114.0654561931,51.0440632328;-114.0654440304,51.0441350676;-114.0655090701,51.0441436613;-114.065550756,51.0441758212;-114.0656046644,51.0441785777;-114.0656682219,51.0441473477;-114.0657368172,51.044149107;-114.0657350264,51.0441936971;-114.0677305873,51.0442582727;-114.0678137136,51.0442498641;-114.0678218109,51.0441308353
1427227|1143.74|1048.61|-114.0678275528,51.0442543509;-114.0669928623,51.0442373922;-114.0669644351,51.0445991554;-114.0677157001,51.0446109486;-114.0677128823,51.0445366951;-114.0677324352,51.0445475613;-114.0677311772,51.0445650021;-114.0678034811,51.044566938;-114.0678275528,51.0442543509
1427221|1103.28|1045.15|-114.0667930572,51.0442263593;-114.0657350264,51.0441936971;-114.0657149086,51.0444885718;-114.0657719509,51.0444886296;-114.0657706957,51.0445085875;-114.0659118806,51.0445123735;-114.0659076802,51.0445672133;-114.0667633446,51.0445878535;-114.0667930572,51.0442263593
1427214|1247.39|1048.47|-114.0703275075,51.0451628143;-114.0698560325,51.0451533881;-114.0698740467,51.0448993275;-114.0695277827,51.0448895554;-114.0695210868,51.0449892555;-114.0694892839,51.0449881957;-114.069496268,51.0448904731;-114.0685648646,51.0448643237;-114.0685610929,51.044917635;-114.0685292902,51.0449167547;-114.0685341986,51.044860566;-114.068309014,51.0448546747;-114.0682922973,51.0451241068;-114.0681346952,51.0451099051;-114.0680917499,51.0455823406;-114.0681150186,51.0455983288;-114.0684125156,51.0456083134;-114.0684221933,51.045594913;-114.0702881795,51.045654936;-114.0703275075,51.0451628143
1427208|1100.15|1048.55|-114.0710057125,51.0453252982;-114.0705704506,51.0453109086;-114.0705483156,51.0456661962;-114.0709882807,51.0456765377;-114.0710057125,51.0453252982
1427207|1071.21|1047.65|-114.0713636535,51.0453218439;-114.070991288,51.0453115527;-114.0709905951,51.0453246781;-114.071008992,51.0453250265;-114.0709888521,51.0456771666;-114.0709656058,51.0456765515;-114.0709653414,51.0456901261;-114.0713615217,51.0456978858;-114.0713636535,51.0453218439
1427205|1201.49|1048.25|-114.0713782845,51.045933856;-114.0713434882,51.0459342369;-114.0713153382,51.0458978456;-114.071271826,51.0458873542;-114.0712807732,51.0458630764;-114.0709948269,51.0458540809;-114.0709969234,51.0458262115;-114.0708932414,51.0458230381;-114.0708911448,51.0458509076;-114.0706100502,51.045843796;-114.0706086606,51.0458677995;-114.0705546335,51.0458823056;-114.0705328578,51.045910996;-114.070503336,51.0459100249;-114.0704978789,51.0459789794;-114.0705274006,51.0459798606;-114.070487169,51.0465334726;-114.0705842905,51.0465353018;-114.0705749471,51.0465807056;-114.0706449717,51.0465821016;-114.0706421735,51.0466176128;-114.0711923935,51.0466323817;-114.0711951912,51.0465967806;-114.0712667858,51.0465989844;-114.0712701413,51.0465552024;-114.0713631289,51.0465582022;-114.0713782845,51.045933856
1427204|1075.32|1048.37|-114.0716432649,51.0460334799;-114.0716197126,51.0460194704;-114.0713909597,51.046015565;-114.0713909806,51.0460291394;-114.0713728695,51.0460294202;-114.0713680442,51.0464158917;-114.071390435,51.0464164174;-114.0713905979,51.0464296322;-114.0716179254,51.0464327295;-114.0716186163,51.0464183455;-114.0716361575,51.0464183347;-114.0716432649,51.0460334799
1427199|1075.32|1048.25|-114.0705219218,51.0460345215;-114.0705040954,51.0460344423;-114.0705050741,51.0460215864;-114.0702283972,51.0460129431;-114.0702274182,51.0460257091;-114.0702078796,51.0460250915;-114.0701879213,51.0463128648;-114.0704966893,51.0463226576;-114.0705219218,51.0460345215
1427195|1075.8|1048.34|-114.0726733586,51.0463194367;-114.0725916391,51.0463173299;-114.072620189,51.0459702186;-114.0725875297,51.0459691601;-114.072577504,51.0459416578;-114.0725382453,51.0459154321;-114.0724970786,51.0459029556;-114.0717378651,51.045880956;-114.0716702769,51.045886661;-114.071651726,51.0459411124;-114.0716350519,51.045941938;-114.0716348626,51.0465875088;-114.0716542456,51.0465879599;-114.0716633155,51.0466432412;-114.0726486705,51.0466736474;-114.0726733586,51.0463194367
1427193|1157.24|1048.57|-114.0732687371,51.0459432042;-114.0728327597,51.0459313406;-114.0728295424,51.0459713469;-114.0727659356,51.0459695886;-114.0727630323,51.0460280236;-114.0726148518,51.0460226321;-114.0725926379,51.0463176889;-114.0726733589,51.0463196164;-114.0726502097,51.046654768;-114.0726609371,51.0466748984;-114.0732180045,51.046690103;-114.0732687371,51.0459432042
1427192|1096.93|1047.67|-114.0735502762,51.0478512777;-114.0730322725,51.0478367694;-114.0730277942,51.0478910702;-114.0729208286,51.0478887996;-114.0729041979,51.0481057322;-114.073012878,51.0481097097;-114.073009114,51.0481648191;-114.0735271213,51.0481793275;-114.0735502762,51.0478512777
1427191|1052.68|1047.64|-114.0729261587,51.0478318913;-114.0728407277,51.0478292477;-114.0728398894,51.0478403955;-114.0727075193,51.0478259145;-114.0726867085,51.048106407;-114.072903638,51.0481124748;-114.0729261587,51.0478318913
1427189|1123.03|1047.82|-114.073514428,51.0482691428;-114.0732190521,51.0482591698;-114.073197252,51.0485435286;-114.073281543,51.048545903;-114.0732788775,51.0485739527;-114.0734294885,51.0485779035;-114.0734941929,51.0485499947;-114.073514428,51.0482691428
1427188|1147.1|1047.49|-114.0728537772,51.0487839488;-114.0726489627,51.0487749966;-114.0726218864,51.0487885879;-114.0725823586,51.0487742289;-114.0724502876,51.0487703554;-114.0724222166,51.0487862846;-114.0723989432,51.0487693084;-114.0723177871,51.0487654032;-114.0722828853,51.0491574668;-114.0723711716,51.0491603788;-114.0723756488,51.0491048195;-114.0725634848,51.0491085686;-114.0726100641,51.0491631073;-114.0727079109,51.0491691595;-114.0727098698,51.0491450658;-114.072723562,51.0491455068;-114.0727259407,51.0491161988;-114.0727139601,51.0491158467;-114.0727315591,51.0490610883;-114.0727329563,51.0490425686;-114.0727184085,51.0490421282;-114.0727308679,51.0488928909;-114.0728004666,51.0488932971;-114.0728012004,51.0488155355;-114.07285126,51.048815774;-114.0728537772,51.0487839488
1427187|1135.72|1047.25|-114.0723137942,51.0487656754;-114.0717249027,51.0487533627;-114.0717185233,51.0488705927;-114.0716888568,51.0488694422;-114.0716895792,51.0490602937;-114.0717653129,51.0490620451;-114.0717642074,51.0490849696;-114.0718436547,51.0490902248;-114.0722886416,51.0490989401;-114.0723137942,51.0487656754
1427186|1130.65|1047.75|-114.0734560971,51.0490803227;-114.07283539,51.0490635408;-114.0728535411,51.0488152332;-114.0728023395,51.0488143661;-114.0728011797,51.0488932966;-114.0727311527,51.048892621;-114.0727081957,51.0491688897;-114.0728292862,51.0491728597;-114.0728051326,51.049504326;-114.0734251421,51.0495272215;-114.0734459536,51.0492496057;-114.0734480458,51.0492198483;-114.0734560971,51.0490803227
1427180|1126.27|1047.34|-114.0728294291,51.0491730394;-114.0722828864,51.049158186;-114.0722869306,51.0490992109;-114.0721560003,51.0490956959;-114.0721550239,51.0491098104;-114.0720872597,51.0490970868;-114.0719017036,51.049091987;-114.071894223,51.0491425139;-114.0718445893,51.0491411959;-114.0718388404,51.049112702;-114.07183703,51.0491409309;-114.0717304886,51.0491381196;-114.0717324416,51.0491098008;-114.0717173238,51.0491097202;-114.071691511,51.0494802027;-114.0728052827,51.0495090904;-114.0728294291,51.0491730394
1427170|1113.89323505|1045.85|-114.073303208,51.0500447944;-114.0732011629,51.0500420463;-114.0732132556,51.0498636259;-114.0730396886,51.049858952;-114.0730381428,51.0498817518;-114.0724954344,51.0498653661;-114.072507444,51.0496996942;-114.0722396806,51.049692349;-114.072219579,51.0500551527;-114.0724225359,51.0500573653;-114.0724197328,51.0501155405;-114.0717123057,51.0500910257;-114.0716924023,51.0503845623;-114.0717496509,51.050427597;-114.0727868426,51.0504595686;-114.0728108583,51.0501215813;-114.0725202489,51.0501090217;-114.0725235989,51.0500596058;-114.0733012679,51.0500734207;-114.073303208,51.0500447944
1427080|1074.37|1046.08|-114.0652601701,51.047047664;-114.0649147601,51.0470474069;-114.0648978086,51.0472655072;-114.0643557094,51.0472488163;-114.0643445997,51.0473620032;-114.0643306229,51.0473615614;-114.0643286591,51.0473852054;-114.064340084,51.0473966161;-114.0652286134,51.0474259695;-114.0652601701,51.047047664
1427079|1064.33|1046.34|-114.0649141931,51.0470499243;-114.0643709538,51.0470319756;-114.0643529988,51.0472480986;-114.0648978086,51.0472655072;-114.0649141931,51.0470499243
1427072|1068.09|1046.57|-114.0653065013,51.0461219655;-114.0647635434,51.0460936803;-114.064739084,51.0464504963;-114.0650173309,51.0464588821;-114.065018865,51.0464341595;-114.0652758627,51.0464425565;-114.0653065013,51.0461219655
1427071|1053.87|1047.05|-114.0646550122,51.0460903243;-114.0644380954,51.0460857694;-114.0644107771,51.0464396203;-114.0646288418,51.0464480402;-114.0646550122,51.0460903243
1427070|1056.69|1046.96|-114.064761834,51.0460950297;-114.0646564417,51.0460927507;-114.0646292752,51.0464519954;-114.0646542593,51.046471429;-114.0647090249,51.0464734368;-114.0647388054,51.046455261;-114.064761834,51.0460950297
1427068|1053.39|1046.95|-114.0644301125,51.0461909537;-114.0643230084,51.0461884955;-114.0643045293,51.0464380607;-114.0644124915,51.0464418668;-114.0644301125,51.0461909537
1427066|1053.07|1046.86|-114.0643178116,51.0462461226;-114.0642075527,51.0462484496;-114.064210364,51.0462015926;-114.0641048289,51.0461993132;-114.0640867555,51.0464336854;-114.0643043936,51.0464430051;-114.0643178116,51.0462461226
1427064|1051.74|1046.83|-114.0641054769,51.0461522066;-114.0639985154,51.0461496582;-114.0639777921,51.046427722;-114.0640870383,51.0464319772;-114.0641054769,51.0461522066
1427062|1059.33|1046.76|-114.0640035466,51.0460750407;-114.0638408213,51.0460700955;-114.0638388613,51.0460967061;-114.0637391732,51.0460942434;-114.0637342799,51.0461657144;-114.0638865936,51.0461696767;-114.0638662698,51.0464276931;-114.0639770834,51.0464308688;-114.0640035466,51.0460750407
1427049|1074.35|1047.63|-114.0622444715,51.044709821;-114.061412335,51.0446877869;-114.0614113595,51.0447049578;-114.0613879712,51.0447042509;-114.0613396521,51.0453706852;-114.0613638965,51.0453713916;-114.0613624937,51.0453890123;-114.0614726037,51.0454014501;-114.0621933583,51.0454104181;-114.0622444715,51.044709821
1427048|1117.53|1047.66|-114.0628946272,51.0448254405;-114.0628047666,51.0448118244;-114.0627876865,51.044836016;-114.06271253,51.0448338988;-114.0627202296,51.0447274562;-114.0622444715,51.044709821;-114.062194215,51.0454112268;-114.0628539468,51.045430022;-114.0628883317,51.0449154311;-114.0628736426,51.0449149896;-114.0628946272,51.0448254405
1427043|1091.15|1047.17|-114.0613885216,51.0446891478;-114.0609850735,51.0446774926;-114.0609840941,51.0446918767;-114.0609537179,51.0446909935;-114.0609546972,51.0446766095;-114.0608510176,51.0446727979;-114.0608479324,51.044712624;-114.0608915717,51.0447139498;-114.060890318,51.0447366944;-114.0608469804,51.0447478643;-114.0607994549,51.0453728553;-114.0613382485,51.0453876765;-114.0613885216,51.0446891478
1427034|1067.93|1048.3|-114.0653821599,51.0451622692;-114.0649393432,51.0451478629;-114.064915037,51.0455109717;-114.0653271866,51.0455184732;-114.0653566818,51.0455008369;-114.0653821599,51.0451622692
1427033|1056.35|1048.33|-114.0649393432,51.0451478629;-114.0648321011,51.0451470234;-114.0648077912,51.0455080646;-114.064915037,51.0455109717;-114.0649393432,51.0451478629
1427032|1057.53|1048.26|-114.0643974464,51.0451565231;-114.0643120213,51.0451542328;-114.064310764,51.045173112;-114.0642917965,51.045172583;-114.0642691354,51.0454915512;-114.0643746699,51.0454945497;-114.0643974464,51.0451565231
1427031|1058.44|1048.25|-114.0644855495,51.0451360679;-114.0643998402,51.045134497;-114.0643749499,51.0454907738;-114.0644578086,51.0454929756;-114.0644855495,51.0451360679
1427027|1059.57|1048.14|-114.0642938967,51.0451445339;-114.064177384,51.0451428;-114.0641724814,51.0452069894;-114.0640678028,51.0452037206;-114.0640495034,51.0454808841;-114.0642694205,51.0454914612;-114.0642938967,51.0451445339
1427024|1057.75|1048.14|-114.0640727278,51.0451557127;-114.063962774,51.0451532558;-114.0639391205,51.0454780678;-114.0640495037,51.0454810639;-114.0640727278,51.0451557127
1427022|1056.89|1048.05|-114.0639645846,51.0451217908;-114.0638556267,51.0451176252;-114.0638315889,51.0454746206;-114.0639366955,51.0454776197;-114.0639645846,51.0451217908
1427019|1058.33|1048.08|-114.0638556267,51.0451176252;-114.0637483819,51.0451147171;-114.0637243428,51.0454713529;-114.0638315897,51.0454752499;-114.0638556267,51.0451176252
1427017|1057.68|1048.03|-114.0637483819,51.0451147171;-114.0636361445,51.0451108228;-114.0636121055,51.0454681778;-114.0637243428,51.0454713529;-114.0637483819,51.0451147171
1427015|1061.32|1047.93|-114.0636361445,51.0451108228;-114.0634123849,51.0451045617;-114.0633897781,51.0454676693;-114.0636121055,51.0454681778;-114.0636361445,51.0451108228
1427010|1056.35|1047.93|-114.0634118168,51.04510627;-114.0632265631,51.045101426;-114.063202658,51.0454547355;-114.0633881984,51.0454596693;-114.0634118168,51.04510627
1427006|1119.12|1046.52|-114.064106384,51.0447429756;-114.0632732331,51.0447100777;-114.0632652671,51.0448294657;-114.0632424492,51.0448288487;-114.0632277721,51.0450466779;-114.0635666175,51.0450544051;-114.0635737532,51.0449541657;-114.0637979201,51.0449459528;-114.0637928023,51.0450614736;-114.0640908615,51.0450686822;-114.0640990682,51.0449185491;-114.0640741109,51.0449177537;-114.064077605,51.0448662406;-114.0640970002,51.0448667694;-114.064106384,51.0447429756
1427005|1170.96|1046.52|-114.0653482723,51.045098551;-114.0648479532,51.0447547026;-114.0642059144,51.0447366281;-114.0641919428,51.0447393327;-114.0641832609,51.0448549455;-114.064106678,51.0448526502;-114.0640905749,51.0450676934;-114.0653482723,51.045098551
1427001|1061.1|1048.42|-114.0660090849,51.0451776489;-114.0656860663,51.0451690209;-114.065651299,51.0451895371;-114.0656276508,51.0455097647;-114.0656584801,51.0455279965;-114.0659825041,51.0455399502;-114.0660090849,51.0451776489
1427000|1057.97|1048.51|-114.0660878531,51.0452119452;-114.0660065633,51.0452095639;-114.0659830675,51.0455350055;-114.0660643576,51.045537207;-114.0660878531,51.0452119452
1426999|1064.12|1048.47|-114.0667421288,51.0453051565;-114.0666949237,51.045303835;-114.0667026176,51.0451997295;-114.0663579205,51.0451897673;-114.0663480868,51.0452939639;-114.0663097237,51.0452929069;-114.0662928022,51.0455269193;-114.066310629,51.0455274485;-114.0663093702,51.0455447095;-114.0664082022,51.04554762;-114.0664578762,51.0455798649;-114.0665514322,51.045583048;-114.0666000204,51.0455541633;-114.0667223848,51.0455583187;-114.0667421288,51.0453051565
