1426998|1058.22|1048.73|-114.0670782619,51.045210482;-114.0669175363,51.0452058995;-114.0668939491,51.0455624458;-114.0670521086,51.0455667601
1426997|1112.07|1048.56|-114.0677891985,51.0448449987;-114.0669062857,51.0448206059;-114.066893764,51.0451368719;-114.0677565744,51.0451607371
1426994|1079.21|1048.2|-114.0659253472,51.0447567968;-114.0656723515,51.0447483091;-114.065647643,51.0451252625;-114.0658963625,51.0451337527;-114.065898041,51.0451106481;-114.0658833516,51.0451100271;-114.0659071225,51.0447771239;-114.0659232379,51.0447777441
1426993|1063.85|1048.33|-114.0671426435,51.0457490199;-114.0668180505,51.0457393172;-114.066791895,51.0460956852;-114.0671149214,51.0461051192
1426992|1060.87|1048.29|-114.0668184716,51.0457346423;-114.066706661,51.0457312901;-114.0666802263,51.0460924227;-114.066791752,51.0460954156
1426990|1057.6|1048.26|-114.0667068036,51.04573129;-114.0666026945,51.0457282929;-114.0665761164,51.0460894256;-114.0666802263,51.0460924227
1426988|1058.9|1048.23|-114.066602554,51.0457297313;-114.0664945945,51.0457268262;-114.0664655886,51.0460861623;-114.0665761164,51.0460894256
1426987|1207.63|1047.86|-114.0677727384,51.0457809294;-114.0671669107,51.0457653673;-114.067165791,51.0457800212;-114.06714012,51.045779137;-114.0671163475,51.0461051183;-114.066530907,51.0460881029;-114.0665269906,51.0461416839;-114.0666563439,51.0461454758;-114.0666504997,51.0462467934;-114.0667159607,51.0462486439;-114.0667119043,51.0463038432;-114.0666464442,51.0463027118;-114.0666395908,51.0463964787;-114.0666829464,51.0463977125;-114.0666788888,51.0464521027;-114.0666343921,51.0464507796;-114.0666323102,51.0464906952;-114.0676692837,51.0465208443;-114.0677202988,51.046493486;-114.0677410801,51.0461727203;-114.0677104175,51.0461718391;-114.0677134941,51.046130125;-114.067747009,51.0461310944
1426985|1088.71|1047.44|-114.0667159614,51.0462490934;-114.0666502151,51.0462472431;-114.0666579129,51.0461456547;-114.0665239968,51.0461424048;-114.0665277706,51.0460888238;-114.0664654475,51.0460872411;-114.0664907451,51.0457275476;-114.0656140933,51.0457047596;-114.0655599989,51.0464807836;-114.0658587794,51.0464871781;-114.0658573823,51.0465076755;-114.0659555031,51.046510407;-114.0659570427,51.0464899095;-114.066242135,51.0464980189;-114.0662411658,51.0465184261;-114.06633786,51.0465207985;-114.0663385437,51.0465002116;-114.0666300533,51.0465080467;-114.0666356772,51.0464519475;-114.0666786051,51.0464531816;-114.0666825179,51.0463972633;-114.0666395901,51.0463960292;-114.0666463022,51.0463031614;-114.066711906,51.0463050118
1426926|1078.07676012|1046.64|-114.067744628,51.0467034765;-114.0668429909,51.0466773195;-114.0668172745,51.0470080322;-114.0668370778,51.04700802;-114.066800059,51.0474408634;-114.0676728176,51.0474653142;-114.0677073404,51.046940089;-114.067726413,51.0469407476
1415477|1169.28|1046.23|-114.0675963489,51.0480472528;-114.0673959628,51.0480403566;-114.0673990393,51.0479982829;-114.0672579858,51.0479942288;-114.067252395,51.0480728023;-114.0671072052,51.0480685707;-114.0671115405,51.0480091461;-114.0667402942,51.0479981215;-114.066738475,51.0480223049;-114.0664142955,51.0480135897;-114.0663915105,51.0483364238;-114.0666225595,51.0483425852;-114.0666199016,51.0483787254;-114.0672351747,51.0483933859;-114.0672369894,51.0483662359;-114.0675668799,51.0483774626
1415476|1186.79|1046.21|-114.0676138219,51.0478040706;-114.067515128,51.0478014307;-114.0675209937,51.0477160249;-114.0672859541,51.0477095979;-114.0672879073,51.047679661;-114.0666729259,51.047662843;-114.0666551317,51.0476856871;-114.0665675626,51.0476833997;-114.0665449366,51.0480167517;-114.0667390452,51.0480221248;-114.0667407224,51.047998301;-114.0671115408,51.0480094158;-114.0671076332,51.0480686603;-114.0672521094,51.0480725328;-114.0672578431,51.047994139;-114.0673998961,51.0479990914;-114.0673969624,51.048041255;-114.0675972038,51.048046713
1415411|1053.79|1045.29|-114.0619140723,51.0484686031;-114.0616944318,51.0484617073;-114.0616783019,51.0486658725;-114.0618978007,51.0486727685
1415410|1048.58|1045.45|-114.0620201844,51.048471963;-114.0619140723,51.0484686031;-114.0619043924,51.0485891605;-114.0620106473,51.0485925203
1414987|1161.1|1045.73|-114.0649825657,51.0495395018;-114.0649337388,51.0495033903;-114.0645167056,51.0494965193;-114.0645084578,51.0496166266;-114.0643835465,51.049634585;-114.0641678947,51.0496285906;-114.0640762803,51.0495912436;-114.0640491839,51.0500060444;-114.0641140792,51.0500075371;-114.0641203694,51.0499149395;-114.0646460975,51.0499312809;-114.0646391642,51.0501758053;-114.064734603,51.0501930127;-114.0647322197,51.0502226801;-114.0648848174,51.0502162128;-114.0648862173,51.0501973336;-114.064934854,51.0501989248;-114.0649401654,51.0501215203;-114.0648969342,51.0501096779;-114.0649118865,51.0498891516;-114.0649598094,51.0498904734;-114.0649633055,51.0498408482;-114.0649639746,51.0498093838
1414819|1050.4|1045.7|-114.0615347902,51.0409950981;-114.0614606379,51.0409927997;-114.0614669513,51.0409146756;-114.0612302346,51.0409073384;-114.0612234958,51.0409875304;-114.0611169731,51.0409842599;-114.0611074394,51.0411079637;-114.0615241189,51.0411203307
1414818|1049.95|1045.77|-114.0614721295,51.0408407772;-114.0612359836,51.0408334397;-114.0612303759,51.0409063494;-114.0614670925,51.0409136866
1414679|1051.51|1043.24|-114.051485721,51.0443534883;-114.0512696654,51.0443454026;-114.0512477525,51.044647737;-114.0514638075,51.0446539349
1414678|1046.81|1043.27|-114.0512678379,51.0443693161;-114.0509934534,51.0443582889;-114.0509781057,51.0445371014;-114.0512551973,51.0445449811
1414600|1064.11|1047.43|-114.0671166147,51.0410595389;-114.0670269193,51.0410573429;-114.0670259424,51.0410720867;-114.0668280134,51.0410671658;-114.0668108629,51.0413374071;-114.0670453007,51.0413444647;-114.0670433494,51.0413756602;-114.0670867001,51.0413767141
1414599|1062.26|1047.34|-114.0674256881,51.0411077258;-114.0671170993,51.0410988238;-114.0671007404,51.0413236666;-114.0674071894,51.0413309517
1414138|1073.1|1045.66|-114.0620093544,51.0455947155;-114.0614331937,51.0455791979;-114.0614341758,51.0455669713;-114.0612190999,51.0455504532;-114.0607698929,51.0455585985;-114.0607679291,51.0455836809;-114.0607359917,51.0455890015;-114.0607606472,51.045685898;-114.0606924775,51.0456839556;-114.0606549183,51.0461893779;-114.0607239444,51.0461913198;-114.0607135762,51.0463328235;-114.061229576,51.0463574559;-114.0613095661,51.0463462667;-114.0613317629,51.0464159255;-114.0614482809,51.0464192804;-114.061461043,51.0463641666;-114.0619519222,51.0463725376
1414095|1054.27|1044.55|-114.062114932,51.0497884582;-114.061712295,51.0497767152;-114.0616856794,51.0501399141;-114.0618515562,51.0501447708;-114.0618525378,51.0501321847;-114.0619258488,51.0501343034;-114.0619248672,51.0501468895;-114.0620883195,51.0501516573
1414094|1049.39|1044.59|-114.061712295,51.0497767152;-114.0614932195,51.0497702681;-114.0614733239,51.0500397906;-114.0615209616,51.050041114;-114.0615159186,51.0501100678;-114.0615957904,51.0501123631;-114.0615992939,51.0500656147;-114.0616908612,51.0500682633
1414093|1055.82|1043.58|-114.0601401619,51.0484448975;-114.0594505863,51.0484299677;-114.0593756219,51.048470999;-114.0593524753,51.0487725262;-114.0598791866,51.0487884391;-114.0599463202,51.0487575699;-114.059960334,51.0485654522;-114.0600237895,51.0485580481;-114.0600229482,51.0485691958;-114.0601093781,51.0485717584;-114.0601110619,51.0485504518;-114.060132598,51.04855107
1414052|1088.15|1045.18|-114.0597387661,51.039853254;-114.0595298511,51.0398386174;-114.0595320907,51.0398059835;-114.0594954433,51.0398048335;-114.0594967042,51.0397873029;-114.0594278301,51.0397852703;-114.0594380563,51.0396423282;-114.0593758844,51.039640472;-114.059384289,51.0395224324;-114.058915863,51.0395090949;-114.0589074982,51.0395470359;-114.0588199452,51.0395450123;-114.0588139161,51.0396258331;-114.058743759,51.0396238008;-114.0587307166,51.0397966801;-114.0587913201,51.0397984475;-114.0587829144,51.0399168467;-114.0597319073,51.0399529538
1414051|1149.79|1045.17|-114.0607483932,51.0395878059;-114.0606803743,51.0395853241;-114.060681069,51.0395713897;-114.0606227475,51.0395698018;-114.0606237298,51.0395576651;-114.0600875535,51.0395295344;-114.0600844718,51.0395723272;-114.0600639375,51.0395713488;-114.0600484599,51.0398420379;-114.0599989788,51.0398405351;-114.0599999489,51.0398188693;-114.0599506098,51.039816827;-114.0599465123,51.0398460458;-114.0599168524,51.0398453418;-114.0599161543,51.039856849;-114.0597387661,51.039853254;-114.0597087965,51.0402772255;-114.0600072538,51.0402857028;-114.0600106151,51.0402385949;-114.0598731646,51.0402453178;-114.059879466,51.0401558666;-114.0598947239,51.0401563083;-114.0598908117,51.0399974616;-114.060327729,51.0400099124;-114.0603217093,51.0400959473;-114.0603004623,51.040095329;-114.0603055299,51.0402644234;-114.060604287,51.0402840463;-114.060605128,51.0402728986;-114.0606882626,51.0402752827;-114.0606924631,51.040216128;-114.0607222659,51.0402169216;-114.060725196,51.0401676563;-114.0606889761,51.0401665963;-114.0606948578,51.0400845169;-114.0606804554,51.0400840749;-114.0606960881,51.0398257017;-114.0607315946,51.0398266721
1414044|1075.58|1044.35|-114.0654774577,51.0418494082;-114.0654430593,51.0418264138;-114.0653682172,51.0418417382;-114.0653679108,51.0418266356;-114.0651681189,51.0418173979;-114.0651782136,51.0416945924;-114.0651217426,51.041692736;-114.0645765735,51.0416776661;-114.0645382424,51.0416974647;-114.0644796351,51.041697497;-114.0644645431,51.0417142262;-114.0644709901,51.0417359779;-114.0641264674,51.0419366386;-114.0639030341,51.0419492567;-114.0639038323,51.0419075439;-114.0637599465,51.0419040265;-114.0637556402,51.0419872739;-114.0636203169,51.041988786;-114.0636084279,51.0421580692;-114.0636837222,51.0421597363;-114.0636357036,51.0421868215;-114.0636363054,51.042209745;-114.0636619946,51.0422253732;-114.0636976455,51.0422263426;-114.063744094,51.0421981794;-114.0637384565,51.0422465473;-114.064407269,51.0422644298;-114.0644473121,51.0422449;-114.0645054892,51.0422426205;-114.0645211455,51.0422213961;-114.0645147066,51.0422055777;-114.0648633652,51.0420050034;-114.0649198326,51.0420040731;-114.0649343583,51.0419902208;-114.064929476,51.0419659513;-114.0649689445,51.0419437247;-114.0653611053,51.041955822;-114.0653678184,51.0418623249;-114.0654411428,51.0418831401;-114.0654676518,51.0418730567
1414038|1073.45|1043.67|-114.0680143645,51.0425983329;-114.0675836948,51.0425856375;-114.0675817282,51.0426061352;-114.0673231828,51.0425978341;-114.0673023406,51.0428774269;-114.0673358536,51.0428787561;-114.0673329391,51.0429339548;-114.0677814351,51.0429453822;-114.0677847811,51.0428929701;-114.0679935571,51.0428988719
1414037|1077.91|1047.09|-114.0673200789,51.0417352705;-114.0672840002,51.0417341226;-114.0672471249,51.041675261;-114.0671827751,51.0416485086;-114.0665481924,51.0416298134;-114.0665459556,51.0416610091;-114.0665244225,51.0416603921;-114.0665061089,51.0419164303;-114.0672811689,51.0419452932;-114.067284522,51.0418974659;-114.0672714025,51.0418971138;-114.0672821618,51.0417447316
1414036|1078.25|1046.99|-114.0672681107,51.0422826856;-114.0672438679,51.0422819804;-114.0672575609,51.0420874346;-114.0667277888,51.0420735344;-114.0667382682,51.0419235796;-114.0665130975,51.0419173253;-114.0665080667,51.0419890662;-114.066344501,51.041984934;-114.0663208727,51.0423146011;-114.0663424059,51.0423151283;-114.0663406006,51.0423491105;-114.0670738756,51.042370627;-114.0670612081,51.0423870855;-114.0671489036,51.0423850574;-114.0672411033,51.0423423031
1414035|1082.06|1047.54|-114.0696020297,51.0426666192;-114.068945893,51.042643455;-114.0689194227,51.0429677304;-114.0695759828,51.0429848714
1414034|1075.36|1047.18|-114.0689311862,51.0427267985;-114.0687379547,51.0427211589;-114.0687454965,51.0426139968;-114.0682970016,51.0426013145;-114.0682732496,51.0429346678;-114.0686327612,51.0429448854;-114.0686310853,51.0429687991;-114.0687143679,51.0429712672;-114.0687153431,51.0429557144;-114.0689199839,51.0429615272
1413014|1048.28|1042.69|-114.0636190171,51.0491605259;-114.0635748043,51.0491600106;-114.0635724393,51.0492035221;-114.0636153684,51.0492038584
1412771|1048.83|1043.18|-114.0639502506,51.0492114068;-114.0639077471,51.0492094523;-114.0639039568,51.0492533242;-114.0639483139,51.049255008
1409437|1047.54658304|1043.38|-114.053010948,51.0488411616;-114.053006741,51.0488001101;-114.0529565515,51.0488021538;-114.0529607585,51.0488432053
1406417|1049.12|1045.25|-114.062596522,51.0496501191;-114.0625494546,51.0496483464;-114.0625458003,51.0496883526;-114.0625925824,51.0496900356
1399269|1053.79|1043.82|-114.0508296437,51.0417918804;-114.050644546,51.0417859377;-114.0506372284,51.0418752988;-114.0508233247,51.0418813311
1399268|1050.05|1044.18|-114.0518466796,51.0418207402;-114.0518265727,51.0418202098;-114.051829672,51.0417862272;-114.0517518107,51.041783385;-114.0517405523,51.0419175169;-114.0518393748,51.0419195407
1398586|1057.06|1044.93|-114.0576128108,51.0414133221;-114.0575012836,51.0413995328;-114.0575004415,51.0414104108;-114.0574441146,51.0414092699;-114.0574239776,51.0414995367;-114.0574339782,51.0415148144;-114.0575952764,51.041532265
1398167|1052.68|1040.51|-114.0455154912,51.0506882412;-114.0455152321,51.0505693971;-114.0453850159,51.0505691781;-114.0453817097,51.0506886528
1398166|1052.66|1041.51|-114.0453374501,51.0506415638;-114.0453349556,51.0505699167;-114.0452038828,51.0505687988;-114.0452018608,51.0506893518;-114.0453366418,51.0506901086
1398066|1055.97|1041.9|-114.0470468572,51.0502718601;-114.0470459085,51.0501801653;-114.0469600494,51.0501801099;-114.0469713738,51.0500956019;-114.046959964,51.0500956065;-114.0469590816,51.050069267;-114.0470460815,51.0500693219;-114.0470462759,51.0499796942;-114.0467584638,51.04997954;-114.0467559867,51.0500690787;-114.0467953507,51.0500691528;-114.0467946548,51.0500862336;-114.046755719,51.050086429;-114.046756082,51.0501636506;-114.0467944476,51.0501637251;-114.0467940367,51.0501805361;-114.0467580957,51.0501805504;-114.04675574,51.0502489632;-114.046715235,51.0502489794;-114.046715114,51.0502704649;-114.0467912766,51.0502722324;-114.0467911541,51.0502921896;-114.0468172558,51.0502937973;-114.0468842888,51.0502938603;-114.0468852651,51.050271925
1398064|1061.37|1047.32|-114.0690299779,51.0398277289;-114.0687410759,51.0398195388;-114.0687262253,51.0399979939;-114.0690176968,51.0400074411
1398022|1098.66|1043.44|-114.0565132052,51.0445391409;-114.0564911005,51.0445385223;-114.0564926445,51.0445182048;-114.0562907324,51.0445325959;-114.0562870945,51.0445902218;-114.0562231109,51.0446286388;-114.0562143746,51.0447155737;-114.0562582985,51.0447165414;-114.0562591428,51.0448249572;-114.0562761132,51.0448251289;-114.0562752857,51.0448483228;-114.0564907555,51.0448411169
1397909|1053.55|1043.36|-114.0500931114,51.0416434183;-114.0496566067,51.0416285018;-114.0496445183,51.04179221;-114.0496813095,51.0417932732;-114.049678499,51.0418320201;-114.0500427044,51.0418428322;-114.0500460858,51.0418048941;-114.0500815937,51.0418059577
1397676|1116.07|1048.27|-114.0734258927,51.0419735979;-114.0733306347,51.0419719496;-114.0733324639,51.0419563962;-114.0733196296,51.0419560447;-114.0733232416,51.0418955415;-114.0733547497,51.041891746;-114.0733368495,51.0418439319;-114.0729756507,51.0418442478;-114.0729241587,51.0418351104;-114.0729255415,51.041807601;-114.0728074695,51.0418066857;-114.0727871633,51.0421341047;-114.073417473,51.0421499818
1397578|1047.63|1040.94|-114.0523391501,51.0444244878;-114.0519707959,51.044420427;-114.0519601286,51.0445729875;-114.0521024611,51.0445836219;-114.0520937828,51.0447291696;-114.0523208179,51.044734462
1397576|1069.13|1042.56|-114.049052284,51.0447365087;-114.0490408417,51.0447045101;-114.0489159173,51.044703214;-114.0489178863,51.0446771429;-114.0489334314,51.0446780354;-114.0489261963,51.044578612;-114.0489411706,51.044579235;-114.0489325094,51.0444797222;-114.0489484817,51.044480165;-114.0489511448,51.0444361142;-114.0489357429,51.0444356712;-114.0489379942,51.0444068132;-114.0488869399,51.0444053063;-114.0488904541,51.0443569401;-114.048723757,51.0443648308;-114.0487213659,51.0443964756;-114.0487068197,51.0443960322;-114.0487140534,51.0444946466;-114.0486990794,51.0444942033;-114.0486957033,51.0445385241;-114.04871082,51.0445389673;-114.0487067418,51.0445937165;-114.0486916251,51.0445932733;-114.0486995719,51.0446918874;-114.0486833152,51.0446923436;-114.0486802213,51.0447337876;-114.0486961967,51.0447371071;-114.0486939458,51.0447665045;-114.04881503,51.0447773316;-114.0487909536,51.0449360104;-114.0488040738,51.0449363645;-114.0488022519,51.0449667506;-114.0488548753,51.0449680771;-114.0488514997,51.0450127574;-114.0490186276,51.0450054957;-114.0490209242,51.0449746612;-114.04903471,51.0449750137;-114.0490378032,51.0449332102;-114.04902397,51.0449328564;-114.0490444026,51.044835489;-114.0490311398,51.044835135
1397454|1077.11|1047.87|-114.0710621448,51.0398925856;-114.0709956714,51.0398757253;-114.070945499,51.039888701;-114.07087204,51.0398726539;-114.0708254324,51.0398856274;-114.0707847713,51.039870819;-114.0707646863,51.0398842258;-114.0706959323,51.0398678162;-114.0706473285,51.0398808807;-114.0706070945,51.0398656225;-114.0705570649,51.0398787777;-114.0705350817,51.0398628791;-114.0704928957,51.0398767488;-114.0704050339,51.039859901;-114.0703715454,51.0398734058;-114.0703582408,51.0400328919;-114.0703940521,51.0400466246;-114.0704821571,51.0400355141;-114.0705098423,51.0400502406;-114.070548037,51.0400370925;-114.0705852775,51.0400529819;-114.0706216189,51.0400401046;-114.0706709788,51.0400552674;-114.070707463,51.0400425698;-114.0707803519,51.0400586173;-114.070819117,51.0400455587;-114.070869763,51.0400625186;-114.070906102,51.040048113;-114.0710067944,51.040062885;-114.0710509814,51.0400520704
