1397403|1061.63|1048.5|-114.0713328136,51.0401908801;-114.0713318781,51.0400459661;-114.0711392368,51.0400461734;-114.0711391996,51.0401150348;-114.0711695717,51.0401150164;-114.0711696279,51.0401516945;-114.0711415371,51.0401516217;-114.0711416416,51.0402198537;-114.0713328586,51.0402201867;-114.0713328136,51.0401908801
1397391|1070.81|1047.26|-114.0700471837,51.0399902875;-114.07002722,51.0399897601;-114.0700356072,51.0398781025;-114.0697974687,51.0398708734;-114.0697889402,51.0399836997;-114.0697645558,51.0399829052;-114.0697606434,51.0400363066;-114.0697850278,51.0400371011;-114.069782789,51.04006551;-114.0700169355,51.0400724719;-114.0700190316,51.0400440631;-114.0700431307,51.0400447678;-114.0700471837,51.0399902875
1397264|1063.31|1046.79|-114.0662626439,51.0418807894;-114.0662211468,51.0418799139;-114.0662221074,51.0418535734;-114.0661807527,51.0418525181;-114.066199517,51.0416113128;-114.0659305698,51.0416044528;-114.0658991113,51.0421460124;-114.0662447825,51.0421549865;-114.0662626439,51.0418807894
1396893|1055.99|1046.21|-114.0632678039,51.0396772656;-114.0631022581,51.0396787935;-114.0630902131,51.039839177;-114.0632561942,51.0398427731;-114.0632678039,51.0396772656
1396890|1060.83|1046.93|-114.0657592931,51.0396777782;-114.0655200162,51.0396709905;-114.0655070139,51.0398543885;-114.065745578,51.0398606373;-114.0657592931,51.0396777782
1396679|1073.8|1047.9|-114.0710393857,51.040395126;-114.0703866895,51.0403633376;-114.0703376559,51.0403755033;-114.070324915,51.0405307638;-114.0704318837,51.0405463415;-114.0710266444,51.0405485886;-114.0710393857,51.040395126
1396541|1054.92|1046.67|-114.0675710222,51.040736006;-114.0674125936,51.0407314228;-114.0673960935,51.040956086;-114.067554095,51.0409606694;-114.0675710222,51.040736006
1396426|1056.7|1047.95|-114.0702884346,51.0403578231;-114.0702613409,51.0403571202;-114.0702630129,51.0403312288;-114.0701972749,51.0403294703;-114.0701956019,51.0403546426;-114.0701204525,51.04035271;-114.0701102796,51.0405093174;-114.0701668914,51.0405108116;-114.070165359,51.0405347253;-114.0702191187,51.0405360415;-114.0702206511,51.0405121278;-114.0702782611,51.0405136214;-114.0702884346,51.0403578231
1396421|1058.2|1044.11|-114.0622679212,51.039650294;-114.0622177278,51.0396491521;-114.0622197084,51.0396374643;-114.0620595705,51.039630987;-114.0620583052,51.0396444723;-114.0619335161,51.0396278175;-114.0619323933,51.0396412128;-114.0619041592,51.0396404187;-114.0619051396,51.0396271134;-114.0617451465,51.0396222537;-114.0617443089,51.0396357387;-114.0617012454,51.0396348625;-114.0616943938,51.0397368098;-114.0617866538,51.0397395479;-114.0617814779,51.0398147048;-114.0622037243,51.0398400117;-114.0622045629,51.0398273358;-114.0622547536,51.0398263202;-114.0622679212,51.039650294
1395563|1057.66|1048.84|-114.0723508756,51.0404351349;-114.0721739067,51.0404281424;-114.0721676505,51.0405314384;-114.0723451777,51.0405304297;-114.0723508756,51.0404351349
1386700|1048.21|1043.36|-114.0513866355,51.0447628345;-114.0512277681,51.0447593084;-114.0512249652,51.0448038987;-114.0513226528,51.0448058336;-114.0513192744,51.0448458394;-114.0513791707,51.0448471615;-114.0513866355,51.0447628345
1386361|1048.2|1044.17|-114.0518017196,51.041655349;-114.0517302759,51.0416529534;-114.0517240829,51.0417259528;-114.0517968101,51.0417283478;-114.0518017196,51.041655349
1386359|1047.08|1044.22|-114.0516523785,51.0416173885;-114.0515849273,51.0416148113;-114.0515818641,51.0416813367;-114.0516468899,51.0416827463;-114.0516523785,51.0416173885
1386358|1047.38|1044.13|-114.0518059476,51.0416106681;-114.0517248071,51.0416080071;-114.0517211488,51.0416521484;-114.0518025743,51.0416546294;-114.0518059476,51.0416106681
1386017|1052.28|1041.44|-114.0455160066,51.0504865116;-114.0452023769,51.050486903;-114.0452028663,51.0505501006;-114.0455150699,51.05054944;-114.0455160066,51.0504865116
1386014|1045.23|1041.84|-114.0481098127,51.0505318597;-114.0481091992,51.0504904173;-114.0480498677,51.0504904417;-114.0480667932,51.0504453064;-114.0479966198,51.050442908;-114.0479966781,51.0504992735;-114.0480199258,51.050499264;-114.0480199567,51.0505291998;-114.0481098127,51.0505318597
1385988|1045.65|1041.92|-114.0476743046,51.0504571538;-114.0476741078,51.0504043842;-114.0476134928,51.0504044089;-114.0476136896,51.0504572684;-114.0476743046,51.0504571538
1385760|1053.38|1048.11|-114.0703155851,51.0402075882;-114.070105681,51.0402022306;-114.0701030629,51.0402626432;-114.0703129653,51.0402667423;-114.0703155851,51.0402075882
1384628|1054.13|1046.65|-114.0640602873,51.0490933222;-114.0639531434,51.0490895369;-114.0639497079,51.0491362745;-114.0640577769,51.0491395919;-114.0640602873,51.0490933222
1384627|1058.97|1045.64|-114.0639765759,51.0485471414;-114.0638944286,51.0485476358;-114.0638961074,51.048523902;-114.0636895886,51.0485180815;-114.0636862319,51.0485662683;-114.0636475809,51.0485652106;-114.0636445106,51.0486142961;-114.0636828764,51.048615354;-114.063680079,51.0486554497;-114.0637177317,51.048656508;-114.0638012364,51.0487096816;-114.0638586919,51.0487990081;-114.0638558229,51.048890615;-114.063774961,51.048996738;-114.0635956437,51.0490682141;-114.0631749284,51.049077432;-114.0631707228,51.0491311029;-114.0631925445,51.0491317204;-114.0631873575,51.0491977977;-114.0633423917,51.0492023885;-114.0633394472,51.0492394277;-114.0634354345,51.0492423423;-114.063438237,51.0492058425;-114.0634623408,51.0492065486;-114.0634686476,51.049125278;-114.0636732764,51.0491029621;-114.0638357565,51.0490255618;-114.0639125099,51.0489394882;-114.0639346414,51.0488544332;-114.0639331267,51.0487901575;-114.0638923759,51.0487142166;-114.0638372559,51.0486638143;-114.0639674715,51.0486675188;-114.0639765759,51.0485471414
1384625|1061.92|1045.93|-114.063123123,51.0485274684;-114.0630354095,51.0485249087;-114.0630322051,51.0485807367;-114.0631192055,51.0485832069;-114.063123123,51.0485274684
1384481|1050.31|1045.81|-114.0597042434,51.0454991862;-114.0596774112,51.0454822992;-114.059488019,51.0454760131;-114.0594857853,51.0455135014;-114.0596753176,51.0455177199;-114.0597042434,51.0454991862
1383391|1059.05|1043.47|-114.0584773466,51.0449053155;-114.0579337089,51.0448888653;-114.0579369351,51.0448458029;-114.0578406719,51.044842794;-114.0578372981,51.0448819909;-114.0577774011,51.0448802226;-114.0577796327,51.0448399475;-114.0576287492,51.0448353473;-114.0576297322,51.0448230309;-114.0573088721,51.0448268545;-114.0573076089,51.0448432364;-114.0572164799,51.0448404942;-114.0572146558,51.0448646775;-114.0570321135,51.0448600022;-114.0570224076,51.0449691423;-114.0571105414,51.0449713467;-114.0571145975,51.0449067085;-114.0572245543,51.0449123182;-114.0572223092,51.0449419855;-114.0573078765,51.0449445506;-114.0573172523,51.0449151495;-114.0573838534,51.0449181734;-114.0573852541,51.0448976761;-114.0575301329,51.0448897838;-114.0575415698,51.044912702;-114.057612446,51.0449132065;-114.0576132777,51.0448938781;-114.0576805906,51.0448959126;-114.0576772158,51.0449343903;-114.0578329477,51.0449385385;-114.0578300017,51.0449776453;-114.0579266934,51.0449810135;-114.0579300606,51.0449366026;-114.0584738415,51.0449530527;-114.0584773466,51.0449053155
1382870|1052.86|1048.56|-114.0709129597,51.0408041461;-114.0706069404,51.0407961507;-114.0706023423,51.0408669027;-114.0709089326,51.0408749877;-114.0709129597,51.0408041461
1382869|1052.6|1048.22|-114.06988139,51.0407755508;-114.0695742301,51.0407674635;-114.069569345,51.0408380358;-114.0698766485,51.0408464827;-114.06988139,51.0407755508
1382826|1066.9|1043.87|-114.0548698241,51.0417684782;-114.0547598785,51.0417658328;-114.0547612792,51.0417443467;-114.0546089812,51.0417407321;-114.054607723,51.0417621283;-114.054502511,51.0417588341;-114.0544887796,51.0419904333;-114.0548558365,51.0419988917;-114.0548698241,51.0417684782
1382089|1062.82|1047.89|-114.069278002,51.0411096091;-114.0692432123,51.0410163163;-114.0689120865,51.041002488;-114.0689073396,51.0410708128;-114.0688724026,51.0410699344;-114.0688673799,51.0411446421;-114.0689025968,51.0411418345;-114.0688977146,51.0412151038;-114.0692322476,51.0412177828;-114.069278002,51.0411096091
1381112|1087.48|1047.51|-114.0680870681,51.0408319866;-114.0679932371,51.0408293443;-114.0679943547,51.0408135218;-114.0678899713,51.0408105259;-114.0678912279,51.0407921861;-114.0678133682,51.0407899839;-114.0678090363,51.0408505773;-114.067779518,51.0408496954;-114.0677693019,51.0409822101;-114.067798535,51.0409830022;-114.0677936348,51.0410451242;-114.0678144546,51.0410457414;-114.0678085853,51.0411277312;-114.0680621308,51.0411354049;-114.0680696751,51.0410290519;-114.068057108,51.0410162039;-114.0680739348,51.0410166436;-114.0680870681,51.0408319866
1381111|1051.07|1047.55|-114.0678964032,51.0407233217;-114.0678158357,51.04072202;-114.0678136332,51.0407761395;-114.067893773,51.0407774415;-114.0678964032,51.0407233217
1381092|1051.23160501|1043.38|-114.0482367449,51.0398018769;-114.0480629162,51.0398017175;-114.0480628297,51.0398394538;-114.0479189678,51.0398379252;-114.0479168473,51.039920709;-114.047820677,51.0399308718;-114.0478205416,51.0399891532;-114.0476579783,51.0399890039;-114.0476576542,51.0401289527;-114.0481388305,51.040129463;-114.0481389674,51.0400703176;-114.0482231325,51.0400704618;-114.0482092819,51.0399324678;-114.0482364,51.0399324926;-114.0482367449,51.0398018769
1380252|1044.27|1042.01|-114.0455506477,51.049888142;-114.0454616339,51.0498701073;-114.0454394278,51.0499139858;-114.0455284416,51.0499319306;-114.0455506477,51.049888142
1379933|1047.47|1043.06|-114.0547413008,51.0465717537;-114.054635337,51.0465691064;-114.0546288951,51.0466696146;-114.0546974936,51.0466712905;-114.0546990342,51.046647467;-114.0547362572,51.0466484385;-114.0547413008,51.0465717537
1379571|1051.69|1048.68|-114.0681191432,51.0436460257;-114.0680485524,51.0436444487;-114.0680445216,51.0437159194;-114.0681151125,51.0437174965;-114.0681191432,51.0436460257
1379544|1048.99|1043.55|-114.0598456661,51.0426972832;-114.0597322949,51.042694015;-114.0597356611,51.0426503231;-114.0596354097,51.0426474976;-114.0596305083,51.0427172605;-114.0598437032,51.0427232645;-114.0598456661,51.0426972832
1377538|1084.95|1048.8|-114.0723497872,51.0402856362;-114.0719236971,51.0402706166;-114.0719249529,51.0402528162;-114.0717665046,51.0402346644;-114.0717708889,51.040303613;-114.0717061463,51.0403000568;-114.0716968103,51.0404411116;-114.0717565592,51.0404426931;-114.0717657726,51.0404992329;-114.0717457785,51.0405715227;-114.0717326601,51.0405716207;-114.0717290287,51.0406208867;-114.0720889535,51.0406327115;-114.0720907195,51.0405761649;-114.0720693295,51.0405755488;-114.0720721165,51.0405337448;-114.0720618494,51.0405334814;-114.0720778447,51.0404575982;-114.0721592511,51.0404483784;-114.0721642672,51.0403729514;-114.0723446548,51.0403777842;-114.0723497872,51.0402856362
1377462|1055.82|1047.33|-114.0713376716,51.0481823024;-114.0713090044,51.0481815108;-114.0713122161,51.0481369198;-114.0709264221,51.0481266366;-114.0709257299,51.0481403014;-114.0708070676,51.0481369572;-114.07079282,51.0483333015;-114.0713255195,51.0483487097;-114.0713376716,51.0481823024
1377459|1052.9|1044.67|-114.0596929492,51.0470307726;-114.059624207,51.04702874;-114.0596271525,51.0469902625;-114.0594675619,51.0469853095;-114.0594490488,51.0472289407;-114.0596089253,51.0472338036;-114.0596169207,51.0471296984;-114.0596850927,51.0471318212;-114.0596900023,51.0470680815;-114.0596758614,51.0470508284;-114.0596929492,51.0470307726
1377172|1060|1047.53|-114.064814443,51.0437343863;-114.0644901479,51.0437233285;-114.0644883245,51.0437452645;-114.0648126198,51.0437563223;-114.064814443,51.0437343863
1377047|1052.51|1046.62|-114.0646957474,51.0406271491;-114.0645887979,51.0406241517;-114.0645871208,51.0406486047;-114.0646940703,51.0406516021;-114.0646957474,51.0406271491
1377046|1055.14|1046.26|-114.0653471589,51.0408608795;-114.0646805047,51.0408426416;-114.0646820472,51.0408239421;-114.0645749547,51.0408209448;-114.0645858611,51.040665596;-114.0645641859,51.0406648888;-114.0645591713,51.0406478111;-114.0643528302,51.0406420815;-114.0643374656,51.0406677108;-114.0641321226,51.0406619803;-114.0641150164,51.0408722597;-114.064193589,51.040874464;-114.0641751312,51.0411384129;-114.064247002,51.0411404411;-114.0642332969,51.0413351664;-114.0645105139,51.0413428348;-114.0645127514,51.0413110997;-114.0646325361,51.04131418;-114.0646351945,51.0412775903;-114.0645984034,51.0412765318;-114.0646067949,51.0411584919;-114.0646403061,51.0411593724;-114.0646412766,51.0411395045;-114.0645676955,51.0411381068;-114.0645759569,51.0410289668;-114.0646205733,51.0410176151;-114.0648334762,51.0410238799;-114.0648604536,51.0410431928;-114.0648536103,51.0411462191;-114.0651274031,51.0411532586;-114.0651254444,51.041180139;-114.0651596688,51.0411811987;-114.0651516981,51.0412933052;-114.0651137662,51.0412922476;-114.0651111066,51.0413277585;-114.0651483256,51.0413288166;-114.0651495844,51.0413112859;-114.0652099048,51.0413129603;-114.0652047331,51.0413873083;-114.0653049832,51.0413909381;-114.0653471589,51.0408608795
1377045|1064.65|1046.59|-114.0656636145,51.0406863911;-114.0655859644,51.0406304286;-114.0654094266,51.0406255832;-114.0654070322,51.0406467104;-114.0653465705,51.0406453059;-114.0653479692,51.0406259771;-114.064697145,51.0406068315;-114.0646900163,51.0407099477;-114.0646676282,51.0407093308;-114.0646623162,51.0407858365;-114.0646845617,51.0407864535;-114.0646805047,51.0408426416;-114.0653471589,51.0408608795;-114.0653185628,51.0412115852;-114.0656262944,51.0412190541;-114.0656636145,51.0406863911
1376637|1054.4|1047.78|-114.0708641469,51.0427371494;-114.0707992593,51.0427342221;-114.070776308,51.0430197501;-114.0708431908,51.0430216873;-114.0708641469,51.0427371494
1376635|1105.64|1047.78|-114.0713375718,51.0429179147;-114.0713268762,51.0429175616;-114.0713328802,51.042834313;-114.0712846791,51.0428329041;-114.0712920793,51.0427302367;-114.0708657024,51.0427286082;-114.0708443368,51.0430251027;-114.0713284972,51.0430444957;-114.0713375718,51.0429179147
1376555|1135.88|1046.42|-114.0643510638,51.0430725483;-114.0642689225,51.043070346;-114.0642730021,51.0430299799;-114.0633847066,51.0430054735;-114.0633739518,51.0431707107;-114.0642583999,51.0431950395;-114.064261196,51.0431545841;-114.064345334,51.0431568752;-114.0643510638,51.0430725483
1376554|1074.1|1046.88|-114.0654337879,51.0429380899;-114.065017521,51.0429272649;-114.0649954573,51.043261156;-114.0654087325,51.0432719828;-114.0654337879,51.0429380899
1376544|1058.59|1047.05|-114.0649166977,51.0429239947;-114.0644557928,51.042910046;-114.0644387372,51.0431563742;-114.0648959397,51.0431723028;-114.0649166977,51.0429239947
1376543|1054.73|1046.89|-114.0650199455,51.0429274433;-114.0649166977,51.0429239947;-114.0648959397,51.0431723028;-114.0644387372,51.0431563742;-114.0644557928,51.042910046;-114.0642684072,51.0429040362;-114.0642659073,51.0429524023;-114.0642828771,51.0429526627;-114.0642739089,51.0430670171;-114.0643554806,51.043069759;-114.0643417445,51.0432421897;-114.0644060608,51.0432443118;-114.0644097078,51.0432005298;-114.0644386574,51.0432015926;-114.0644342982,51.0432459144;-114.0649923183,51.0432598991;-114.0650199455,51.0429274433
1376534|1086.09|1046.29|-114.0651596688,51.0411811987;-114.0651254444,51.041180139;-114.0651274031,51.0411532586;-114.0646412766,51.0411395045;-114.0646403061,51.0411593724;-114.0646067949,51.0411584919;-114.0645984034,51.0412765318;-114.0646351945,51.0412775903;-114.0646322573,51.0413187649;-114.0651108277,51.0413322536;-114.0651137662,51.0412922476;-114.0651516981,51.0412933052;-114.0651596688,51.0411811987
1376533|1056.86|1046.6|-114.0646940703,51.0406516021;-114.0645871208,51.0406486047;-114.0645749547,51.0408209448;-114.0646820472,51.0408239421;-114.0646845617,51.0407864535;-114.0646623162,51.0407858365;-114.0646676282,51.0407093308;-114.0646900163,51.0407099477;-114.0646940703,51.0406516021
1376503|1129.35|1046.59|-114.0657344709,51.0400728014;-114.0651970226,51.0400591684;-114.065174167,51.0404365704;-114.065708769,51.0404510143;-114.0657344709,51.0400728014
