1376500|1058|1048.73|-114.0719607923,51.0399160384;-114.0717032618,51.0399093644;-114.0716871849,51.0402099014;-114.0719427232,51.0402181048
1376425|1057.14|1046.59|-114.0655996279,51.04121826;-114.0653184202,51.0412115853;-114.0653153427,51.0412539287;-114.0655965523,51.0412617721
1376424|1049.55|1045.39|-114.0615019519,51.0406406499;-114.0613462539,51.0405435526;-114.0612748788,51.0405922246;-114.0614260119,51.040687886
1376277|1188.5|1045.13|-114.0713328721,51.0500714966;-114.0713047744,51.0500707946;-114.0712955855,51.0500310656;-114.0713079717,51.0500167644;-114.0712186869,51.0500147512;-114.0712358916,51.0497944924;-114.0708880216,51.0497844556;-114.0708826224,51.0497043604;-114.0703229546,51.0496906745;-114.0703031605,51.0499932806;-114.0703345386,51.0499940708;-114.0703336299,51.0500532237;-114.0704167818,51.0500551514;-114.0704038498,51.050274059;-114.0707530054,51.0502831076;-114.0707583993,51.0503597867;-114.0713079476,51.0503725778
1376272|1210.91|1044.65|-114.0686636147,51.0497322047;-114.068639368,51.0497314998;-114.0686411802,51.0497031811;-114.0684851459,51.0496988677;-114.0684858419,51.0496872705;-114.0684257958,51.0496855976;-114.0684274704,51.0496606052;-114.0682884089,51.0496568209;-114.0682891068,51.0496464823;-114.0678973205,51.0496427551;-114.0678952223,51.0496708942;-114.0678343205,51.0496692215;-114.0678059494,51.0500672131;-114.0678391818,51.0500680928;-114.0678232574,51.0502971603;-114.0686228283,51.0503135943
1376028|1053.93|1044.53|-114.0655429835,51.0422047359;-114.0655187413,51.0422044798;-114.0655317582,51.0420309705;-114.0652010629,51.0420234243;-114.0651873017,51.0420738644;-114.0651826207,51.0422947449;-114.0655107521,51.0423029219;-114.0655152211,51.0422362155;-114.0655420304,51.0422367399
1376027|1049.02|1044.55|-114.0578932956,51.0419840319;-114.0577265928,51.0419792599;-114.0577198655,51.0420737454;-114.0578864261,51.0420785175
1375915|1165.37|1045.3|-114.060327729,51.0400099124;-114.0598908117,51.0399974616;-114.0598948679,51.040157387;-114.0598793249,51.0401570353;-114.0598731646,51.0402453178;-114.0601985594,51.0402442516;-114.0601971562,51.0402617824;-114.0603055299,51.0402644234;-114.0603004622,51.0400952391;-114.0603217092,51.0400958574
1375614|1101.56|1046.22|-114.0713415392,51.041972911;-114.0713274215,51.04197256;-114.0713314116,51.0417851215;-114.0709249602,51.041752826;-114.0709026378,51.0420759308;-114.0713340038,51.0420802531
1375573|1076.2481|1044.04|-114.0576731081,51.0460398723;-114.0576384823,51.0460386983;-114.0576437073,51.0459959594;-114.0576172299,51.0459944514;-114.0576207664,51.0459391242;-114.0574805839,51.0459393748;-114.0574831287,51.0459122066;-114.0572982348,51.0459051739;-114.0572948587,51.045933646;-114.057071203,51.0459320959;-114.0570691433,51.0460036939;-114.0570435935,51.0460015973;-114.0570423461,51.0460425875;-114.0570700418,51.0460432195;-114.0570679974,51.0460622553;-114.057040266,51.0460616009;-114.0570374767,51.0460907443;-114.0570611625,51.0460916452;-114.0570541543,51.0461760847;-114.0572781444,51.0461842493;-114.0572756662,51.046209962;-114.0574560404,51.0462146039;-114.0574578544,51.0461834761;-114.0575993888,51.0461987483;-114.0576033829,51.0461409154;-114.0576299752,51.0461406388;-114.0576343129,51.0460988677;-114.0576679373,51.0460986435
1375556|1055.7|1046.45|-114.0713623219,51.0421347136;-114.0710537141,51.0421183605;-114.0710438499,51.0422885423;-114.0711557939,51.0422910812;-114.0711510715,51.0423733402;-114.0710344212,51.0423705344;-114.0710270576,51.042497474;-114.0713566265,51.0425115669
1375554|1048.37|1044.57|-114.0580371863,51.0419916018;-114.0579349404,51.0419889556;-114.0579301846,51.0420632132;-114.0580324307,51.0420657695
1375548|1053.69|1048.49|-114.073687067,51.0421125048;-114.0735667087,51.0421090746;-114.0735633386,51.0421420691;-114.0735853293,51.0421613831;-114.0736834395,51.0421629395
1375544|1074.3|1047.21|-114.0680646318,51.0418690561;-114.0680514439,51.0418220474;-114.0680013452,51.0417898933;-114.0679769684,51.0417949417;-114.067978226,51.0417773211;-114.0676130121,51.0417618908;-114.0676120359,51.0417769942;-114.0675638352,51.0417750443;-114.0675494532,51.0417889867;-114.0675412001,51.0418991158;-114.0675029822,51.0418979692;-114.0674969669,51.0419780712;-114.0675366111,51.0419793968;-114.0675143867,51.0422881172;-114.0674780225,51.0422870595;-114.067500349,51.0423428728;-114.0675677234,51.0423894008;-114.067620929,51.0424005173;-114.0676816795,51.0424027295;-114.0676822254,51.0423859184;-114.0679253713,51.0423958459;-114.0679262109,51.0423848779;-114.0679483266,51.042393675;-114.0680021984,51.0423726976;-114.0680306634,51.0423352837
1375543|1053.13|1048.31|-114.0709331551,51.0420768113;-114.0709026378,51.0420759308;-114.0709041736,51.0420544444;-114.0708465617,51.0420529511;-114.0708423766,51.0421138141;-114.070931645,51.0421151085
1375526|1091.46|1046.81|-114.0640016257,51.0415763084;-114.0634882594,51.0415627442;-114.0634665969,51.0418847684;-114.0639789689,51.0418986029
1375085|1107.8|1045.2|-114.0606264401,51.0416344735;-114.0603371023,51.0416275214;-114.060242774,51.0416821378;-114.060180599,51.0416800122;-114.0601849231,51.0417156094;-114.060080049,51.0417754451;-114.0600614117,51.0421394492;-114.0600709993,51.0421654246;-114.060389012,51.0421794645;-114.0603928036,51.042134424;-114.0604673019,51.0421820311;-114.0605953995,51.0421065408;-114.06052475,51.0420579429;-114.0605933492,51.0420651891
1375083|1051.6|1042.33|-114.048064072,51.0414769712;-114.0480098854,51.0414769935;-114.0480097951,51.0413896133;-114.047936073,51.0413896436;-114.0479361632,51.0414770238;-114.0479176256,51.0414770314;-114.0479178874,51.0417308116;-114.0480640494,51.0417307516
1375073|1051.19|1044.39|-114.0532528254,51.0413174917;-114.0532138955,51.0413164307;-114.0532155783,51.0412916182;-114.0531495544,51.0412898503;-114.0531258331,51.0414950969;-114.0532396283,51.0414980117
1375004|1160.27|1045.85|-114.0646536961,51.0499596842;-114.0646429989,51.0499593306;-114.0646449564,51.0499311916;-114.0641280755,51.0499182615;-114.0641060802,51.0502054054;-114.0646252464,51.0502184243
1375003|1163.12|1045.52|-114.0640777063,51.049591063;-114.0639986895,51.0495876902;-114.0640059582,51.0494806186;-114.0635213144,51.0494673984;-114.0635076186,51.0495686302;-114.0634354496,51.0495666017;-114.0634374077,51.0495383729;-114.0634769152,51.0495394302;-114.0634822306,51.0494631945;-114.0633267681,51.0494589637;-114.0633014559,51.0498273764;-114.0634098425,51.0498229127;-114.0633944679,51.0500527884;-114.0634201408,51.0500534037;-114.0634176237,51.0500900832;-114.063504792,51.0501089143;-114.0634992003,51.0501917127;-114.0637097163,51.0501949243;-114.0637132161,51.0501470072;-114.0637773986,51.0501485903;-114.0637797685,51.0501087645;-114.0637543392,51.0500778538;-114.064043589,51.0500857864;-114.0640777063,51.049591063
1373862|1101.42|1045.15|-114.0613139062,51.0471492272;-114.0612898037,51.0471486106;-114.0613022287,51.0469458856;-114.0606859751,51.0469286773;-114.0606625968,51.0472640063;-114.0611764542,51.0472783918;-114.061179097,51.0472276883;-114.0613080247,51.0472312167
1373860|1057.68|1048.42|-114.0711913657,51.0471713167;-114.0711388818,51.0471700002;-114.071135827,51.0472240303;-114.071187313,51.0472255272
1373836|1054.83|1047.96|-114.0708193879,51.0423745305;-114.0707054466,51.0423714531;-114.0706974953,51.0424876053;-114.0708114365,51.042490413
1373833|1071.38547682|1044.37|-114.0539153361,51.0423365461;-114.0538462717,51.0423344815;-114.0538563582,51.0421959181;-114.0535604233,51.042188295;-114.0535377369,51.0424972719;-114.0539024262,51.0425082057
1373348|1052.21|1045.29|-114.0612049589,51.047697568;-114.0610517846,51.0476934229;-114.0610408755,51.0478569518;-114.0611940504,51.0478610968
1373347|1193.38|1046.25|-114.0664150092,51.0480140388;-114.0654888165,51.047984266;-114.0654831999,51.0480466579;-114.0655272707,51.0480483412;-114.0655237654,51.0480909545;-114.0654903916,51.0480898945;-114.0654804384,51.0481111158;-114.0654676529,51.0483489013;-114.0661894612,51.0483641369;-114.0661921238,51.0483310532;-114.0663900855,51.0483372337
1373341|1072.67|1045|-114.0609844922,51.0476016729;-114.0607937702,51.0474578467;-114.060542388,51.0476036108;-114.0606639908,51.0476761847;-114.060624089,51.0476994888;-114.0606656274,51.0477280546;-114.0607065258,51.0477034015;-114.0607926032,51.0477647566;-114.0609631929,51.0476724332;-114.0609179399,51.0476389251
1373199|1130.79|1047.86|-114.0734758062,51.0488273394;-114.0734733413,51.0488018101;-114.0734308325,51.0487965329;-114.0728559151,51.0487830485;-114.0728349623,51.0490636309;-114.0734532457,51.0490809538
1372910|1113.4|1045.93|-114.0661335763,51.0476778926;-114.0660261814,51.0476739978;-114.0660278478,51.047642353;-114.0655216852,51.0476273553;-114.0655020773,51.0478813262;-114.0655383036,51.0478826543;-114.0655349442,51.0479276049;-114.0654930134,51.0479263698;-114.0654885313,51.0479842662;-114.0661088019,51.0480070206
1372901|1060.28|1040.74|-114.0577203762,51.0474190409;-114.0573554134,51.0474091521;-114.0573538726,51.047431807;-114.0572307933,51.0474294401;-114.0572327638,51.0474082234;-114.0570184071,51.0474024848;-114.0569902268,51.0477978668;-114.0576897851,51.0478206273;-114.0576921627,51.0477829591
1372798|1064.81|1044.81|-114.0609754319,51.0478699311;-114.0605425782,51.047858919;-114.0605278198,51.048024877;-114.0606588902,51.0480293938;-114.0606863914,51.0480112203;-114.0609127315,51.0480173055;-114.0609119006,51.0480361844;-114.0609633867,51.0480374161
1372726|1133.97|1047.18|-114.0713401367,51.0487658242;-114.0712971669,51.0487387014;-114.070991664,51.048729628;-114.0709602775,51.0490028449;-114.0710042063,51.0490041667;-114.0710015514,51.0490400373;-114.0713188942,51.0490493732
1372724|1092.24|1047.31|-114.0708849827,51.0487278948;-114.0703619759,51.0487117596;-114.0703369416,51.0490381917;-114.0708630905,51.0490548645
1372720|1121.67|1046.86|-114.0683858784,51.0490189428;-114.0679455947,51.0490070634;-114.0679426607,51.0490487775;-114.0678730911,51.0490684155;-114.0678861891,51.0491502144;-114.0678653894,51.0491658686;-114.0678789121,51.0492455098;-114.0678593968,51.0492617026;-114.0678719358,51.0493513229;-114.067898769,51.0493654212;-114.0680272579,51.0493570759;-114.0680530892,51.0493686576;-114.0681375131,51.0493635742;-114.0681602098,51.0493772254;-114.0683065243,51.0493676108;-114.0683253193,51.0493465639;-114.0683613966,51.0493427671
1372716|1124.29|1043.91|-114.0601150872,51.0487955098;-114.0591764771,51.0487672216;-114.0591512328,51.0491025512;-114.0600397877,51.0491289775;-114.0600446949,51.0490636196;-114.0600839169,51.049064858;-114.0600875613,51.0490155924;-114.0600985433,51.0490158565
1372712|1069.49289125|1042.23|-114.0575815778,51.0484552044;-114.0574092962,51.0484488094;-114.0574119304,51.0484188238;-114.0573786119,51.0484175303;-114.0573774554,51.0483876373;-114.0568879883,51.0483763985;-114.0568854384,51.048411386;-114.056629208,51.0484060806;-114.0566215232,51.0484523634;-114.0561148555,51.0484395835;-114.0561050398,51.0485794702;-114.0556958639,51.0485649272;-114.055688176,51.0486700918;-114.0556689432,51.0486695346;-114.0556657567,51.0487132388;-114.0556849895,51.048713796;-114.0556765063,51.0488301541;-114.0558573091,51.0488353915;-114.0558555665,51.0488593032;-114.0560482244,51.0488648835;-114.0560447464,51.0489125793;-114.0562373421,51.0489231953;-114.0562325121,51.0489789331;-114.0564073924,51.0489839972;-114.0564045011,51.0490236613;-114.0565463697,51.0490277694;-114.0565492608,51.0489881062;-114.0567260908,51.0489932274;-114.0567275012,51.0489732389;-114.0571402841,51.0489870393;-114.0571430244,51.0489330547;-114.0569537575,51.0489250302;-114.0569646987,51.0488118137;-114.0573342158,51.0488212925;-114.0573279227,51.048936276;-114.0575458584,51.0489425857
1372703|1179.96|1046.55|-114.0673504969,51.0490436365;-114.0673270855,51.0490285472;-114.0664142855,51.0490038982;-114.066390344,51.049016857;-114.0663853102,51.0490871595;-114.0663776224,51.049196479;-114.0663707713,51.0492925831;-114.0663937545,51.049307493;-114.0673061348,51.0493336706;-114.067331787,51.0493202612;-114.0673362477,51.0492491499;-114.067344217,51.0491387514;-114.0673468926,51.0491151968
1372702|1058.4|1046.01|-114.0673035526,51.0490281113;-114.0670789877,51.0488727181;-114.066672364,51.0488609045;-114.0665327087,51.0489385654;-114.0664481304,51.0489350177;-114.0663710344,51.0488778868;-114.0663858596,51.0486733621;-114.0664389161,51.04867504;-114.0664401722,51.0486558911;-114.0664627069,51.0486565975;-114.0664667601,51.0485987912;-114.0663575102,51.0485957069;-114.0661651398,51.0487108845;-114.0661624844,51.0487490024;-114.0659478345,51.048742741;-114.0659311929,51.0489752248;-114.0661920553,51.0489834378;-114.0663181134,51.0490711061;-114.0663077954,51.0492362532;-114.0663732962,51.0492630054;-114.066390915,51.0490172163;-114.0664162819,51.0490037173
1372585|1158.12|1044.32|-114.0616706703,51.0488258038;-114.0616046352,51.0488238609;-114.0616278645,51.0484882621;-114.0614782512,51.0484827672;-114.0614778557,51.0485072195;-114.0614477618,51.0485060667;-114.0614379296,51.0486202414;-114.0613955704,51.048619095;-114.0612739521,51.0485375321;-114.0610065343,51.0485305701;-114.0610049842,51.0485448646;-114.0609037247,51.0485442881;-114.0609052712,51.0485272967;-114.0608845918,51.0485273974;-114.0606229414,51.0486776618;-114.0606185997,51.0487385245;-114.0606301621,51.0487464295;-114.0605510156,51.0487516846;-114.0605458348,51.048825403;-114.0606130214,51.0488354367;-114.0605986911,51.0490015743;-114.0608376518,51.0491663217;-114.0616439135,51.0491899918
1372583|1046.4|1042.27|-114.0587401354,51.0488237174;-114.0583339406,51.0488107059;-114.0583316957,51.0488401934;-114.05817053,51.0488351495;-114.0581688459,51.0488569055;-114.0582992046,51.0488608859;-114.058286998,51.0490212688;-114.0586221665,51.0490313494;-114.058636053,51.0488469632;-114.058738172,51.0488500583
1372582|1097.14|1042.38|-114.0589820933,51.0486592633;-114.0587520409,51.0486520975;-114.0587268493,51.0490314767;-114.0588941476,51.0490358874;-114.0588968048,51.0489944434;-114.0589594167,51.04899603;-114.0589622929,51.0487901638;-114.0589734175,51.0487904278
1372581|1051.03|1042.5|-114.0588029931,51.0484564554;-114.0581938514,51.0484393202;-114.0581598322,51.0488339862;-114.0583316952,51.0488398338;-114.0583339423,51.0488120544;-114.0587394222,51.0488236279;-114.0587517554,51.0486519179;-114.0587837027,51.0486525311
1372219|1129.07|1046.72|-114.0628911459,51.0456246297;-114.0620086552,51.045605144;-114.0619522036,51.0463696608;-114.0626043919,51.0463895401;-114.0626161829,51.0463555526;-114.0626860651,51.0463575828;-114.0626887289,51.0463236002;-114.062712393,51.0463166654;-114.0627335365,51.0460273645;-114.0627114172,51.0460164988;-114.0627129506,51.0459903379;-114.0628642658,51.0459946615
1372148|1141.99|1045.83|-114.0636103679,51.0470109066;-114.0636077265,51.0469566101;-114.0634843615,51.0469531711;-114.0634807278,51.0470074711;-114.0630960859,51.0469972513;-114.0630751168,51.0473086668;-114.0631145143,51.0473350754;-114.063224046,51.0473379828;-114.063227958,51.0472783788;-114.0632988139,51.0472612599;-114.0632958779,51.0473045021;-114.0635106627,51.0473102289;-114.0635082871,51.0473459195;-114.0635878687,51.0473479438
1372129|1056.13|1041.24|-114.0493676586,51.0457434957;-114.0489148547,51.0457253471;-114.0489182244,51.045675093;-114.0488109792,51.0456721713;-114.0488074667,51.0457223354;-114.048627637,51.0457229498;-114.048612463,51.0459405975;-114.0493526279,51.0459585365
1371763|1282.93|1043.13|-114.0631723632,51.0478207592;-114.0627226807,51.0478096744;-114.0624303519,51.0478345526;-114.0624164836,51.0478088494;-114.0622683378,51.0478326613;-114.0620631035,51.0478250393;-114.0618475141,51.0477522469;-114.0617134603,51.0476485762;-114.0616627192,51.0475636501;-114.0616262218,51.047572749;-114.0615812453,51.0475329482;-114.0614956527,51.0475151037;-114.061419804,51.0475320442;-114.0613774925,51.0475661375;-114.0613455456,51.0475652553;-114.0613083754,51.0477129761;-114.0613385431,51.0478783713;-114.0614422925,51.0480372552;-114.0615235387,51.0481108383;-114.0615480528,51.0480987792;-114.0615892853,51.0481110734;-114.0615764675,51.048124385;-114.0617358436,51.0481794978;-114.0617525111,51.048165465;-114.0617907519,51.0481800981;-114.0617852151,51.0481990693;-114.0620610163,51.0481841801;-114.0623079519,51.048126874;-114.0625187533,51.0480312905;-114.0626056704,51.0479727209;-114.0626276938,51.0479118486;-114.0627402923,51.0478613558;-114.0631704213,51.0478609444
1371693|1058.02|1047.55|-114.0708736939,51.0472183462;-114.0704388497,51.0472089002;-114.0704159673,51.0475427926;-114.0708442558,51.0475532316
1371691|1054.09|1047.92|-114.0728469948,51.047460485;-114.0726317973,51.0474656532;-114.0726260713,51.0475431482;-114.0726637234,51.0475442935;-114.072662887,51.04755661;-114.072530677,51.0475528265;-114.0725304155,51.0475680193;-114.0725482431,51.0475684577;-114.0725465562,51.0475841009;-114.0728372187,51.0475924604
1371679|1074.66|1048.31|-114.0739104017,51.0432041674;-114.0735553084,51.0431945027;-114.073547841,51.0434317466;-114.0734966433,51.0434295313;-114.0734941338,51.0434657615;-114.0735069694,51.0434666525;-114.0735063001,51.0434942514;-114.0735338243,51.0434954926;-114.0735324509,51.0435287555;-114.0738893983,51.0435369807
