1371669|1049.93|1045.69|-114.066347191,51.0416718199;-114.0662676186,51.0416695277;-114.0662472086,51.0417563801;-114.0662604707,51.0417568221;-114.0662548716,51.0418302715;-114.0661895594,51.0418284206;-114.066188159,51.0418464009;-114.0662143978,51.0418470153;-114.0662156616,51.0418332603;-114.0663351627,51.0418364288;-114.066347191,51.0416718199
1371578|1050.22|1046.94|-114.0649620247,51.0400546245;-114.0648576439,51.0400520755;-114.0648540246,51.0401151855;-114.064959118,51.0401173746;-114.0649620247,51.0400546245
1371175|1074.81|1046.4|-114.0691241736,51.0401726995;-114.0686908142,51.0401582119;-114.0686977805,51.0400477239;-114.0685132591,51.040042708;-114.0685137725,51.0401974212;-114.0685488518,51.0401984794;-114.0685251935,51.0402066739;-114.0685142005,51.0402942404;-114.0684892449,51.0402929965;-114.0684697236,51.0404959064;-114.0686554111,51.0405169233;-114.068677055,51.040496414;-114.0687022957,51.0404975679;-114.0687619359,51.0405219849;-114.0688114083,51.0405169215;-114.0688135224,51.0405001993;-114.0688521677,51.0405018846;-114.068850476,51.0405150107;-114.069096607,51.0405250238;-114.0691241736,51.0401726995
1371114|1188.77942537|1044.73|-114.0557914281,51.0414406158;-114.0557848936,51.041389007;-114.0557528861,51.041388651;-114.0557558078,51.0413398614;-114.0557137248,51.0413397439;-114.0557149773,51.0413188377;-114.0556345667,51.0413169234;-114.0556332134,51.0413395189;-114.0555607883,51.041337741;-114.0555558174,51.0413150488;-114.0551721611,51.0413059144;-114.0551708943,51.041327058;-114.0551448627,51.0413264383;-114.0551495805,51.0414639746;-114.0551019583,51.0420054832;-114.055125484,51.042006621;-114.0551230287,51.042032037;-114.0555061124,51.0420415071;-114.0555061783,51.04202267;-114.0555807487,51.0420240243;-114.0555787151,51.0420454065;-114.0556627491,51.0420474072;-114.0556642415,51.0420266429;-114.0557127842,51.042028593;-114.0557153506,51.0419807718;-114.0557419275,51.0419815349;-114.0557459399,51.0419313684;-114.0557571398,51.0419316355;-114.0557515966,51.0418326575;-114.0557273244,51.0418320794;-114.0557402152,51.041572971;-114.055752429,51.0415388527;-114.0557740372,51.0415393674;-114.0557914281,51.0414406158
1371109|1082.97|1042.59|-114.0569444877,51.0469004444;-114.0567177254,51.0468940821;-114.0567233318,51.046813801;-114.0562221741,51.0467999293;-114.0562496695,51.0464228868;-114.0558025629,51.04640656;-114.0557976484,51.0464705692;-114.0557380352,51.0464692492;-114.0556891746,51.0471099706;-114.0565158058,51.0471451731;-114.0565177672,51.0471162253;-114.0569287935,51.0471276225;-114.0569444877,51.0469004444
1371103|1091.51|1046.99|-114.0732519413,51.0431605322;-114.0717792208,51.0431119125;-114.0717774318,51.0431538058;-114.0716908782,51.0431573649;-114.071675442,51.0434117839;-114.0716710723,51.0434447789;-114.0723896918,51.0434745416;-114.0723908059,51.0434573705;-114.0724864976,51.0434609071;-114.0724855242,51.0434768195;-114.0732259492,51.0434978434;-114.0732519413,51.0431605322
1371094|1054.61|1044.43|-114.0548924215,51.0413425337;-114.0547593753,51.0413389103;-114.0547596442,51.0413251559;-114.0547438155,51.0413246239;-114.0545089669,51.0413303972;-114.0544990194,51.0414810699;-114.0548830435,51.0414914082;-114.0548924215,51.0413425337
1353199|1096.74|1047.89|-114.0739010351,51.0427843526;-114.0737390339,51.0427797803;-114.0736942978,51.0428052494;-114.0734946475,51.0427990823;-114.0734710399,51.0431100522;-114.0738804672,51.0431219302;-114.0739010351,51.0427843526
1353198|1062.26|1042.96|-114.0587085266,51.042773104;-114.0584414264,51.042765237;-114.0584198798,51.0430942721;-114.0586844168,51.0431034889;-114.0587085266,51.042773104
1353197|1055.84|1047.93|-114.0730849914,51.0427304778;-114.0728496906,51.0427237925;-114.0728256715,51.0430478875;-114.0730615447,51.0430548422;-114.0730849914,51.0427304778
1353188|1048.93|1044.89|-114.0571559716,51.042951331;-114.0569919735,51.0429454778;-114.0569829718,51.0430471561;-114.0571469703,51.0430530093;-114.0571559716,51.042951331
1353181|1062.63|1046.53|-114.0656363298,51.0412570751;-114.0653106369,51.0412538414;-114.0653056964,51.0413911175;-114.0656259873,51.0414054116;-114.0656363298,51.0412570751
1353155|1049.87|1044.54|-114.0614905559,51.0498052396;-114.0614118258,51.0498030335;-114.0614144886,51.0497675227;-114.0612779944,51.049763549;-114.0612509493,51.0501281864;-114.0614179677,51.0501334926;-114.0614242728,51.0500480869;-114.0614569346,51.0500490586;-114.06146198,51.0499818128;-114.0614290331,51.0499809312;-114.0614325354,51.049933104;-114.0614650545,51.0499340757;-114.0614905559,51.0498052396
1353137|1050.9|1045.35|-114.0698831813,51.0505910795;-114.0695518512,51.0505818379;-114.0695325807,51.0508567552;-114.0698639126,51.050865907;-114.0698831813,51.0505910795
1353136|1070.31|1045.05|-114.0617397329,51.0424153687;-114.0609199003,51.0423925155;-114.0608995012,51.0427131901;-114.0612734113,51.0427227934;-114.06125749,51.0427606486;-114.0613571634,51.0427574499;-114.0613468527,51.0427245529;-114.0617186241,51.0427342458;-114.0617397329,51.0424153687
1353134|1060.64|1046.23|-114.0739287017,51.0423377249;-114.0739128726,51.0423372854;-114.073920261,51.0422309322;-114.0731057022,51.0422083409;-114.0730819851,51.0425417851;-114.0733175705,51.0425487394;-114.0733365108,51.0424422891;-114.0733078392,51.0424364637;-114.0733274255,51.0423779282;-114.0739086754,51.0423880801;-114.0739103613,51.0423721672;-114.0739260479,51.0423726068;-114.0739287017,51.0423377249
1353073|1072.02|1045.88|-114.0616205783,51.0465439672;-114.0616138586,51.0465312053;-114.0613955117,51.0465249375;-114.0613701845,51.0468923611;-114.0615955213,51.0468987152;-114.0616029426,51.0467953293;-114.0615794107,51.0467947125;-114.0615875293,51.0466793699;-114.0616110613,51.0466800767;-114.0616205783,51.0465439672
1353067|1049.76|1041.87|-114.0538714521,51.0467671451;-114.0536700764,51.0467613045;-114.0536726041,51.0467272323;-114.0532578731,51.0467149263;-114.053246207,51.0468638914;-114.0536606677,51.0468879742;-114.0536627756,51.0468608242;-114.0538628682,51.0468667553;-114.0538714521,51.0467671451
1353060|1143.76|1044.88|-114.0596885339,51.0420415622;-114.0596021853,51.0419817346;-114.0596041609,51.041965552;-114.0595780641,51.0419644866;-114.0593240179,51.0417904846;-114.0591238038,51.0417845629;-114.0590984508,51.0421438956;-114.0596302197,51.0421591777;-114.0596662706,51.0421385728;-114.0596885339,51.0420415622
1353003|1049.35|1045.48|-114.0617813022,51.0415053155;-114.0610466194,51.0414852949;-114.0610389189,51.0415936252;-114.0610193825,51.0415930961;-114.0610105862,51.0417356779;-114.0612742566,51.0417420126;-114.0612801372,51.0416598433;-114.0617694053,51.0416736097;-114.0617813022,51.0415053155
1353001|1097.54|1046.49|-114.0646165408,51.0466268527;-114.0639662056,51.0466094108;-114.0639441225,51.0469360198;-114.0645934652,51.0469542715;-114.0646165408,51.0466268527
1352995|1136.09|1044.96|-114.0600138834,51.0414439375;-114.0597064349,51.0414352851;-114.0597049112,51.041470166;-114.0596481564,51.0414690263;-114.0596403821,51.0415223394;-114.0594983267,51.041610781;-114.0594943133,51.0417059844;-114.0595318067,51.0416984139;-114.0595653485,51.0417230287;-114.0596859958,51.041730968;-114.0597608035,51.0416875992;-114.059781784,51.0417021519;-114.0598642863,51.0416545539;-114.0599106329,51.0416565978;-114.0599111657,51.0416274708;-114.0600019193,51.0415651254;-114.0600138834,51.0414439375
1352994|1056.86|1044.98|-114.0606330135,51.0415358527;-114.0605269613,51.041456798;-114.0600138834,51.0414439375;-114.0600019193,51.0415651254;-114.0599111657,51.0416274708;-114.0599106329,51.0416565978;-114.0598642863,51.0416545539;-114.059781784,51.0417021519;-114.0597608035,51.0416875992;-114.0596859958,51.041730968;-114.0597331866,51.0417241117;-114.059989548,51.041923193;-114.0599841534,51.0421626824;-114.0600709993,51.0421654246;-114.0600614117,51.0421394492;-114.060080049,51.0417754451;-114.0601849231,51.0417156094;-114.060180599,51.0416800122;-114.060242774,51.0416821378;-114.0603371023,51.0416275214;-114.0606264401,51.0416344735;-114.0606330135,51.0415358527
1352991|1093.68542494|1045.78|-114.0632090818,51.0410078905;-114.0623401362,51.0409688563;-114.0623177931,51.0412899494;-114.0627165096,51.0413007117;-114.0627189059,51.0412642975;-114.0627957133,51.0412661746;-114.0627945121,51.0412837107;-114.0628773647,51.0412859675;-114.0628753239,51.0413047212;-114.0631840409,51.04131313;-114.063183594,51.0413399323;-114.0632090818,51.0410078905
1352980|1114.29|1044.33|-114.0698860414,51.0498380085;-114.0698749164,51.0498376555;-114.0698793725,51.0497660048;-114.0696496054,51.0497637147;-114.0696535178,51.0497096841;-114.0696847532,51.0497105644;-114.0696897817,51.0496399921;-114.0696615415,51.0496391998;-114.069662378,51.0496264339;-114.0695236212,51.0496355962;-114.0695185919,51.0497058089;-114.0695484012,51.0497066902;-114.0695444887,51.0497607208;-114.0694296733,51.0497574628;-114.0694330255,51.0497101749;-114.069284146,51.04972186;-114.0692852633,51.0497059475;-114.0687518361,51.0496907102;-114.0687431729,51.0498118968;-114.0687028092,51.0498107519;-114.0686995946,51.049855163;-114.0687399584,51.049856308;-114.0687141046,51.0502153728;-114.0686884315,51.0502147587;-114.0686817224,51.0503072669;-114.0687106762,51.0503080589;-114.0687085787,51.0503363778;-114.068804004,51.0503432438;-114.0698486232,51.0503728297;-114.0698792383,51.0499611718;-114.0698427255,51.0499602048;-114.0698438262,51.0499334147;-114.0698676452,51.0499341197;-114.0698860414,51.0498380085
1352979|1171.67|1044.31|-114.0674789809,51.0497195;-114.0673934659,51.049661206;-114.0669503231,51.0496486952;-114.0669504095,51.0496096798;-114.066875175,51.0495589309;-114.0667592203,51.0495563002;-114.066708492,51.0502825193;-114.0670020242,51.0502917906;-114.067003421,51.0502713831;-114.0674271721,51.0502832756;-114.0674434809,51.0502193492;-114.0673566814,51.0501609661;-114.0674521584,51.0501056242;-114.0674789809,51.0497195
1352900|1144.74|1044.7|-114.0667607878,51.0495554004;-114.0663239218,51.0495430635;-114.0662760405,51.0502701797;-114.0667082082,51.0502835083;-114.0667607878,51.0495554004
1352880|1055.71|1045.67|-114.0613892773,51.0465555957;-114.061182625,51.0465497709;-114.0611586816,51.0468863589;-114.0613653355,51.0468922737;-114.0613892773,51.0465555957
1352875|1079.88|1045.67|-114.0733800692,51.0501560812;-114.0729330693,51.0501435956;-114.0729124599,51.0504613053;-114.0733564684,51.0504741525;-114.0733800692,51.0501560812
1352811|1069.85|1047.92|-114.06532316,51.0456973712;-114.0650151065,51.0456848674;-114.0649037418,51.0456942786;-114.0648767074,51.0460444437;-114.0652957209,51.0460618302;-114.06532316,51.0456973712
1352751|1137.85|1046.73|-114.071293028,51.043998688;-114.0683355615,51.0439008483;-114.0683268424,51.0439840084;-114.0678833492,51.0442802988;-114.0678434806,51.0443218546;-114.0678228874,51.0443797604;-114.0678578079,51.0444652325;-114.0679502926,51.0445174091;-114.0680675376,51.0445332528;-114.0681696189,51.0445166522;-114.0682612352,51.0444627502;-114.0682925395,51.0444158954;-114.0682910174,51.0443506308;-114.0682398712,51.0442869234;-114.0683262179,51.0442380587;-114.0683250154,51.0442930766;-114.0683910433,51.0442942966;-114.0683962138,51.0442223756;-114.0683601295,51.0442188009;-114.0684068592,51.0441884781;-114.0683834585,51.0444698705;-114.0689051317,51.0444849366;-114.0691526654,51.0446566741;-114.0699577118,51.0446800178;-114.070229567,51.0445230738;-114.0705982186,51.0445336394;-114.0708456157,51.0447050138;-114.0712613317,51.0447173467;-114.071281179,51.0444549243;-114.0711609784,51.0443721122;-114.0712705279,51.0442978801;-114.071293028,51.043998688
1352704|1077.42|1042.79|-114.056705678,51.0477729239;-114.0566570445,51.047771599;-114.0566779758,51.0473938404;-114.0566025302,51.0473917195;-114.0566043547,51.0473675362;-114.0556931596,51.0473410047;-114.0556889701,51.047415172;-114.055771547,51.0474177397;-114.0557705637,51.0474302359;-114.055729204,51.047428997;-114.055721333,51.0475251909;-114.0557626928,51.0475264297;-114.0557587584,51.0475754256;-114.0556781778,51.0475727671;-114.0556456286,51.0480213701;-114.0559301581,51.0480295048;-114.0559324032,51.0479990286;-114.0559653488,51.0480000017;-114.0559633866,51.04802859;-114.0560831884,51.0480319486;-114.0560852932,51.0480034502;-114.0566204085,51.0480188343;-114.0566243369,51.0479657031;-114.0566440187,51.0479663229;-114.056653414,51.0478351582;-114.0567011921,51.0478366633;-114.056705678,51.0477729239
1352693|1054.15|1044.67|-114.060959965,51.0480382269;-114.0609096197,51.0480369047;-114.0609108778,51.0480174863;-114.0606862494,51.0480116699;-114.0606588904,51.0480295736;-114.0605275347,51.0480249671;-114.0605123717,51.0482088149;-114.0609475139,51.048222433;-114.060959965,51.0480382269
1352681|1081.12|1047.38|-114.0713377164,51.0492327521;-114.0713370869,51.0491015025;-114.0712080106,51.0490978954;-114.0712106409,51.049046113;-114.071005973,51.0490403043;-114.0710084864,51.0490051529;-114.0709641299,51.0490039213;-114.0709579887,51.0490916648;-114.0707384876,51.049085505;-114.0707125138,51.0494489754;-114.0708264725,51.0494520528;-114.070828286,51.0494254421;-114.070902452,51.0494275547;-114.0709004981,51.0494556038;-114.071322388,51.0494670338;-114.0713377164,51.0492327521
1352680|1068.3|1047.42|-114.0707384876,51.049085505;-114.0704229995,51.0490766159;-114.0704216014,51.0490951356;-114.0703387359,51.0490928481;-114.0703405593,51.0490726202;-114.0704232801,51.0490735592;-114.0704256551,51.0490409251;-114.0702783251,51.0490382269;-114.0702748317,51.0490858746;-114.0703340217,51.0490877268;-114.0703122744,51.0494189215;-114.0703743484,51.0494413584;-114.0707130802,51.0494462781;-114.0707384876,51.049085505
