1352679|1216.01|1045.94|-114.064989945,51.0489015867;-114.0649439162,51.0487242449;-114.0649003888,51.0487230056;-114.0649050359,51.0486612485;-114.064571449,51.0486525029;-114.0645762039,51.0485916704;-114.0644713893,51.0485986503;-114.0644696503,51.048578784;-114.064241334,51.0485898772;-114.0642328389,51.0487377629;-114.0641743637,51.0487366263;-114.0641615275,51.049149172;-114.0642127296,51.0491503125;-114.0642107769,51.0491821372;-114.0642721527,51.0491837226;-114.0642695826,51.0492155467;-114.0648614899,51.0492399415;-114.0648663874,51.0491748586;-114.0649071816,51.0491759992;-114.0649627929,51.0490665633
1352678|1161.79|1046.89|-114.0687417596,51.0486644489;-114.0679044111,51.0486397671;-114.0678775611,51.0490042263;-114.0687170548,51.0490284575
1352598|1058.59|1045.88|-114.0619398997,51.0465540467;-114.0616204404,51.0465474732;-114.0616110615,51.0466802565;-114.0615836789,51.0466794619;-114.0615754217,51.0467977711;-114.0616026616,51.0467984759;-114.0615955213,51.0468987152;-114.0619142735,51.0469078961
1352596|1048.14|1042.4|-114.0545063503,51.0463917093;-114.0543487594,51.0463871979;-114.0543524082,51.0463366739;-114.0540938455,51.0463293324;-114.0540705518,51.0466554906;-114.0543289737,51.0466628323;-114.0543400607,51.0465095522;-114.0544976518,51.0465139737
1352580|1059.68|1042.65|-114.0552770268,51.0463955725;-114.0548640134,51.0463864178;-114.0548648525,51.0463723934;-114.054777857,51.0463701868;-114.0547523944,51.0469091331;-114.0546721132,51.0469175311;-114.054573691,51.0469011259;-114.0544723176,51.0469219395;-114.0544236098,51.046978148;-114.0544375107,51.0470356758;-114.0545127207,51.0470805894;-114.0545846056,51.0470871183;-114.0546558904,51.0470684763;-114.0547393937,51.0470106333;-114.0547267951,51.0470903781;-114.0552306502,51.0470916693;-114.0552514116,51.0468013811;-114.0552272774,51.0467738839;-114.0552599227,51.0467629909;-114.0552129335,51.0467044001;-114.0552564155,51.0466919737
1352576|1076.03|1046.07|-114.0713490626,51.0449212703;-114.0706029134,51.0449014965;-114.0705806079,51.0452381755;-114.0713361749,51.0452581235
1352575|1069.35|1046.71|-114.0713083486,51.0437603607;-114.0712749396,51.0437344008;-114.0712820833,51.0436503424;-114.0700268369,51.0436137938;-114.0700247481,51.043647147;-114.069508931,51.0436322622;-114.0695118726,51.0435968409;-114.0683963875,51.0435655855;-114.0683902329,51.0436470361;-114.0683533236,51.0436639584;-114.0683515061,51.0436886812;-114.0684142542,51.0436905323;-114.0684122968,51.0437170532;-114.0683495486,51.0437151122;-114.0683354177,51.0439000393;-114.0712930269,51.0439979688;-114.0713052887,51.043810795;-114.0712436812,51.0438089448;-114.0712456371,51.0437825137;-114.0713065315,51.0437842746
1348158|1048.44|1043.16|-114.0492030956,51.0417127476;-114.04914192,51.041711335;-114.0491413687,51.0417293147;-114.0491092839,51.0417288787;-114.0491007091,51.0418458388;-114.0491969634,51.0418468771
1300509|1049.93|1044.14|-114.0522093328,51.04184584;-114.0521200625,51.0418420142;-114.052108916,51.0419478284;-114.0521981865,51.0419516542
1300497|1049.76|1041.67|-114.0476069441,51.0505552591;-114.0475376286,51.0505551075;-114.0475375056,51.0505742557;-114.0475017069,51.0505741803;-114.0475012447,51.0506800795;-114.0476063592,51.0506803064
1300137|1050.81|1044.29|-114.0514114917,51.0418381029;-114.0513112431,51.0418357197;-114.0513067661,51.0419136627;-114.0514057314,51.0419159565
1298548|1050.83|1040.4|-114.0481872456,51.0509326796;-114.0481601467,51.0509326009;-114.0481613979,51.0509013162;-114.0479752767,51.0509058876;-114.0479747664,51.0509641412;-114.0481633252,51.0509718847;-114.048186995,51.0509660316
1298239|1046.17|1041.52|-114.0456190475,51.050554164;-114.045608906,51.0505387057;-114.0455276248,51.0505534805;-114.0455258812,51.0506663022;-114.0456050379,51.0506663613;-114.0456051626,51.0506481121;-114.0456189972,51.0506481067
1296171|1057.71|1048.1|-114.0692278324,51.0398817302;-114.069084507,51.0398676112;-114.0690773842,51.0399680308;-114.0691173125,51.0399698051;-114.0691159156,51.0399893137;-114.0692006185,51.0399916009
1293552|1048.89207691|1043.71|-114.0508457348,51.0411864469;-114.0506157029,51.0411800687;-114.0506039428,51.0413486368;-114.0508193974,51.0413546105;-114.0508223036,51.0413129454;-114.0508368816,51.0413133499
1292428|1054.88|1047.26|-114.0673845299,51.0407502276;-114.0672336544,51.0407426732;-114.0672084331,51.0407550036;-114.0672053977,51.0408253052;-114.0672302102,51.0408260101;-114.0672419733,51.0408746378;-114.0673660584,51.0408938943
1212864|1047.34|1044.09|-114.0521294517,51.0416951177;-114.0520284883,51.0416908476;-114.0520151872,51.0417828186;-114.0521201389,51.0417829516
1210248|1046.82|1041.86|-114.0476039917,51.0504578117;-114.0476022227,51.0504016266;-114.047526205,51.0504023767;-114.0475279739,51.0504584719
1207766|1045.09|1041.53|-114.0477612897,51.0509967714;-114.0477606601,51.0509393273;-114.0476987611,51.0509397122;-114.0476995333,51.0509972461
1181539|1057.23|1047.28|-114.0673669183,51.0409952082;-114.0671537283,51.0409877795;-114.0671467042,51.0410608701;-114.0673627455,51.0410676679
1174923|1047.55|1044.21|-114.0513361017,51.0417489578;-114.0512776356,51.0417477249;-114.0512738474,51.0418038225;-114.0513330267,51.041805145
1174583|1044.21|1041.4|-114.0455887269,51.050468324;-114.0455885258,51.0504087222;-114.0455299072,51.0504084754;-114.0455306791,51.0504684365
1169441|1051.12|1044.15|-114.051702651,51.0418160395;-114.0516981942,51.0417834087;-114.0516701026,51.041783511;-114.0516716367,51.0417524957;-114.0516089102,51.0417670868;-114.0515973796,51.0419132651;-114.0516954902,51.0419163681
1169231|1089.42|1049.23|-114.0739621895,51.0399947977;-114.073615106,51.039985218;-114.0735991861,51.0401970263;-114.073948697,51.0402076833
1169224|1050.52|1041.52|-114.0481854417,51.0505686864;-114.0480055777,51.050554287;-114.04800514,51.0506827503;-114.0481851459,51.0506959811
1169223|1048.57|1041.62|-114.0477214865,51.0505700454;-114.0476888133,51.0505581024;-114.0476889414,51.0505438986;-114.0476164883,51.0505439282;-114.0476154828,51.0506760775;-114.0477203119,51.0506761247
1169119|1062.43|1044.38|-114.0628454504,51.0397829432;-114.0627219731,51.039787864;-114.0627188945,51.0398311063;-114.0626565798,51.0398293417;-114.062658127,51.0398136089;-114.0625119656,51.0398095519;-114.0625108459,51.0398251946;-114.0624461067,51.0398230717;-114.0624494664,51.0397765929;-114.0623279644,51.0397658701;-114.0623169487,51.0399515141;-114.0625311294,51.0399575127;-114.0625321082,51.0399431286;-114.062617096,51.0399455104;-114.0626159748,51.0399599845;-114.0628320093,51.0399660714
1169047|1081.08|1042.14|-114.0515556067,51.0448756712;-114.0514335312,51.0448718594;-114.0514322635,51.0448861536;-114.0511977961,51.0448662993;-114.051196812,51.0448790652;-114.0510919926,51.0448759646;-114.0510963493,51.0448177093;-114.0511404162,51.0448190385;-114.0511461948,51.0447570068;-114.0509495366,51.044753317;-114.0509311876,51.0450565487;-114.0509600137,51.0450742459;-114.0510766704,51.0450777909;-114.0510783588,51.0450569339;-114.0513108285,51.0450749015;-114.0513119531,51.0450601578;-114.051423759,51.0450618167;-114.0514227748,51.0450744927;-114.0515410045,51.0450819021;-114.0515496052,51.0449932595;-114.051536057,51.044992816;-114.0515505875,51.0449789654
1168983|1059.77|1048.14|-114.0687174462,51.0398468815;-114.068545044,51.0398405101;-114.0685415391,51.0399777855;-114.0687001072,51.0399819176
1168884|1069.39|1046.45|-114.0732898511,51.0404350893;-114.0729548846,51.0404253202;-114.0729403544,51.0406160916;-114.0732689042,51.0406249657
1168700|1061.21|1044.8|-114.0628603486,51.0396230076;-114.0627181803,51.0396189487;-114.0626871037,51.0396249885;-114.0626852925,51.0396564536;-114.0626362394,51.0396550416;-114.0626180853,51.0396216094;-114.0625549204,51.039623621;-114.0625560412,51.0396088772;-114.0623471381,51.0396029657;-114.0623280806,51.0397461825;-114.0628504121,51.0397615449
1168598|1059.79|1049.31|-114.0734419223,51.0395754846;-114.0732036427,51.0395685322;-114.0731952365,51.0396632893;-114.0734355119,51.0396696112
1167138|1049.26|1043.04|-114.0519262965,51.0448380289;-114.0518068385,51.0448348357;-114.051791221,51.0450670456;-114.051891303,51.0450697269;-114.0519003593,51.0449350729;-114.0519197358,51.0449355911
1082702|1060.75|1046.64|-114.0693208152,51.0403683796;-114.0693109399,51.0402483725;-114.0691560774,51.0402436996;-114.0691320144,51.0403630976;-114.0691373662,51.0405098969;-114.0692933695,51.0405140297
1082564|1048.64|1041.55|-114.0478303096,51.05057081;-114.0478298539,51.0505438411;-114.0477558321,51.0505439612;-114.0477554316,51.050570571;-114.0477334682,51.0505712092;-114.0477320051,51.0506741422;-114.0477619564,51.0506743097;-114.0477618285,51.0506886034;-114.0478295612,51.0506750013
