1082253|1050.78|1044.27|-114.0515562335,51.0418429835;-114.0514602616,51.0418395198;-114.0514550714,51.0419171035;-114.051551328,51.0419199378
1081048|1060.23|1040.5|-114.0492774901,51.0453031268;-114.0486069189,51.0452761687;-114.048574281,51.0452946112;-114.0485878517,51.0453165405;-114.0485650005,51.0454205612;-114.0485680021,51.0455634068;-114.0488328395,51.0455756124;-114.0488451534,51.0454871483;-114.0492490355,51.045500823;-114.0492637165,51.045493625
1081046|1091.01|1041.84|-114.0505397916,51.0455057557;-114.0505131231,51.0455050481;-114.050514665,51.0454804156;-114.0504646079,51.0454790887;-114.0504654485,51.0454652442;-114.0504998181,51.0454661283;-114.0505260674,51.0453435869;-114.0505271876,51.0453246181;-114.0504863708,51.0452961383;-114.0497253885,51.0452719225;-114.0497107943,51.0454934357;-114.0498392883,51.0454967971;-114.0498328394,51.0456003616;-114.0505035533,51.0456224581;-114.0505336247,51.0456048253
1080472|1051.33|1040.47|-114.047477278,51.0505349052;-114.0473094096,51.0505350631;-114.0473080064,51.0506976878;-114.047477445,51.0506982484
1080459|1052.6|1041.49|-114.046362553,51.0506827698;-114.046359989,51.0506045584;-114.0463036245,51.0505980389;-114.0456490738,51.0506030735;-114.04566252,51.0507143745;-114.046344464,51.0507143416
1080132|1050.84|1044.24|-114.0512681471,51.0418071513;-114.0511724616,51.0418046761;-114.0511655899,51.0419095893;-114.0512611332,51.0419121545
1079754|1061.03|1041.61|-114.0575122415,51.0501344009;-114.0571800702,51.0501322265;-114.0571898953,51.0498877911;-114.0572028742,51.0498879645;-114.0572052258,51.0498287211;-114.0571527399,51.0498279377;-114.0571534316,51.0498104973;-114.0572059175,51.0498113706;-114.0572121478,51.0496589917;-114.0564911739,51.049640374;-114.0564735293,51.0497909605;-114.0565225922,51.0497917458;-114.0565220394,51.0498063095;-114.0564698389,51.0498055256;-114.0564673469,51.0498673761;-114.056478329,51.0498675506;-114.056477081,51.0498968577;-114.0565168734,51.0498974678;-114.0565209376,51.0499556293;-114.0565484642,51.0499560655;-114.0565461137,51.0500169271;-114.05571603,51.049999616;-114.0557150582,51.050021821;-114.0557552785,51.0500224311;-114.0557548657,51.0500349271;-114.056057859,51.0500871023;-114.056057166,51.0501038236;-114.0562264753,51.050117047;-114.0562270279,51.0501023036;-114.0562809404,51.0501031766;-114.0562799727,51.0501284382;-114.0563036485,51.0501287864;-114.0563026794,51.0501529693;-114.0563796973,51.0501541907;-114.0563788695,51.0501772048;-114.056689705,51.0502263181;-114.0566732303,51.0501664546;-114.0566808893,51.0501315707;-114.0566957224,51.0501318332;-114.0566994581,51.0500375292;-114.0567319767,51.0500380528;-114.0567328048,51.0500154882;-114.0567657513,51.0500160116;-114.0567564116,51.0499593808;-114.0569238606,51.0499678396;-114.0569224592,51.0499880672;-114.0569040604,51.0499877166;-114.0569026771,51.0500226873;-114.0569367645,51.05002321;-114.0569352429,51.0500617767;-114.0569004425,51.0500613442;-114.056899398,51.0502565116;-114.0569438971,51.0502570293;-114.0569423598,51.0502827407;-114.0569716239,51.0503042119;-114.0570169791,51.0503049988;-114.0570162835,51.0503192928;-114.0570736192,51.0503201638;-114.0570732048,51.0503311315;-114.0571931572,51.0503360172;-114.0572361089,51.0503538857;-114.0572754527,51.0503374153;-114.0573725811,51.0503388959;-114.0573707843,51.0503852838;-114.0574215593,51.0503860679;-114.0574207306,51.0504079133;-114.0574837744,51.0504112984;-114.0574850192,51.0503799237;-114.0575028334,51.0503687677
1079424|1051.98|1041.51|-114.0468303361,51.0506773836;-114.0468290611,51.0504031076;-114.0466564867,51.0504033564;-114.0466550607,51.0506875222
1078857|1054.79|1046.08|-114.0639772859,51.0400553475;-114.0638473936,51.0400618912;-114.0638480926,51.0400517324;-114.0638028893,51.0400504985;-114.063778619,51.0402365994;-114.0637901693,51.0402368628;-114.0637817774,51.0403560713;-114.063910101,51.0403488094;-114.0639094029,51.0403595975;-114.0639556048,51.0403609207
1078459|1057.84|1047.48|-114.0696733875,51.0398530578;-114.0695051225,51.0398482136;-114.0694864065,51.0401097364;-114.0696546724,51.0401145806
1077895|1057.67|1047.54|-114.0694663293,51.0398425732;-114.0692790985,51.0398369309;-114.0692586835,51.0401074443;-114.0694459152,51.0401129967
1077486|1054.76|1046.27|-114.0637355351,51.0400134975;-114.0635833842,51.040009535;-114.0635832027,51.0400852287;-114.0637215173,51.040085513
1077277|1082.04|1047.53|-114.0680993905,51.0412615092;-114.0680643105,51.0412605408;-114.0680674177,51.0412401323;-114.0675022892,51.0412248179;-114.0675004721,51.0412499902;-114.0674649644,51.0412490219;-114.0674614737,51.0413001755;-114.0674969815,51.0413011439;-114.0674830425,51.0414236821;-114.0680562992,51.0414374635;-114.0680616747,51.0413107051;-114.0680960417,51.0413116739
1076102|1053.79|1046.32|-114.0629978627,51.0396648258;-114.0629095955,51.0396622663;-114.0628995159,51.0398002643;-114.0629869268,51.039802195
1076098|1066.13|1046.53|-114.0652241033,51.0397461304;-114.0649902613,51.039751295;-114.0649918019,51.0397313369;-114.0648737319,51.0397279864;-114.0648723339,51.0397479444;-114.0644622561,51.0397579701;-114.0644632247,51.0397366639;-114.0644147418,51.0397352522;-114.0644055875,51.0397146708;-114.0644450809,51.0397115925;-114.0644494194,51.0396526174;-114.0643143807,51.0396488262;-114.0643100423,51.0397079811;-114.0642980697,51.0397115836;-114.0642965293,51.0397319012;-114.0636706566,51.0397019484;-114.0636544312,51.0399319149;-114.065207743,51.0399760972
1074662|1050.39|1043.2|-114.0485949083,51.0412931813;-114.048594631,51.0411644483;-114.0484864015,51.041164763;-114.0484871061,51.0412934058
1074479|1055.6|1047.92|-114.0695462909,51.0402974065;-114.0693673288,51.0402918494;-114.0693520996,51.0405017688;-114.069530207,51.0405073266
1070775|1093.81|1048.9|-114.0739031815,51.0404586158;-114.0735931691,51.0404492822;-114.0735906568,51.0404836246;-114.0736057724,51.0404840646;-114.0735973896,51.0405931154;-114.0735824166,51.0405926754;-114.0735797627,51.0406276472;-114.0738912009,51.0406361707;-114.0738804018,51.0405704625
1006614|1056.636|1044.83|-114.055838618,51.0407601572;-114.0556176083,51.0407647089;-114.0555958836,51.0411074773;-114.0558114216,51.0411226625
1006590|1049.81|1045.54|-114.0605439259,51.0409064373;-114.0604026141,51.0409059711;-114.060388825,51.0409387008;-114.0603650109,51.0409380839;-114.0603514089,51.0411149191;-114.0603614046,51.0411257016;-114.0604835996,51.0411187163;-114.0604953342,51.0409318136;-114.0605422494,51.0409330478
1006504|1070.28|1047.22|-114.0713769754,51.0431332847;-114.0708774313,51.0431257677;-114.0708726786,51.0431885189;-114.0707809821,51.0431861473;-114.0707857351,51.0431234859;-114.0703500681,51.0431103542;-114.0703510467,51.0430974084;-114.0702639133,51.0430947639;-114.0702647511,51.0430829869;-114.0701679205,51.0430800784;-114.070166104,51.0431048013;-114.0694031526,51.0430817037;-114.0694014752,51.0431043589;-114.0691423582,51.0430973206;-114.0691198443,51.0433963326;-114.0713155985,51.0434668414;-114.0713725884,51.0434336345
1006501|1060.25514526|1044.6|-114.0552060143,51.0426829537;-114.0551242504,51.0426805903;-114.0551270062,51.042645191;-114.0544039403,51.042622988;-114.0543798987,51.0429487918;-114.0551099201,51.0429698931;-114.0551127603,51.0429263454;-114.0551873908,51.0429290242
1006492|1096.92|1046.17|-114.0722009266,51.0427666267;-114.0716990927,51.0427512934;-114.0716809652,51.0430173109;-114.0721826594,51.0430326443
1006470|1066.37|1047.95|-114.0728491363,51.0427340412;-114.0726288089,51.0427275259;-114.0726090507,51.0430416396;-114.0728296653,51.0430485143
1006452|1061.9|1044.5|-114.0616735732,51.0396276853;-114.0615932926,51.0396261095;-114.0615943949,51.039597072;-114.0615410646,51.0395960214;-114.061539247,51.0396232612;-114.0614814957,51.0396216735;-114.0614540946,51.0400348564;-114.0612651556,51.0400312698;-114.0612633365,51.0400575208;-114.0611698639,51.0401089012;-114.061159633,51.040244382;-114.0612425539,51.0403009739;-114.0615555565,51.0403097992;-114.0615600472,51.0402552291;-114.0616287794,51.0402571706
1006438|1053.11|1043.63|-114.060682716,51.0405047037;-114.0600465836,51.0404864235;-114.0600234659,51.0408038631;-114.060512012,51.0408179049;-114.0605134122,51.0407981268;-114.0606610027,51.0408023653
1006394|1056.18|1045.19|-114.0625751807,51.0499003146;-114.0621649833,51.0498883075;-114.0621588194,51.0499715556;-114.062569303,51.0499837424
1006393|1049.51|1045.2|-114.0625799178,51.0498171571;-114.0622541594,51.0498096898;-114.0622492785,51.0498923979;-114.0625741813,51.0498995061
1006391|1053.96|1045.22|-114.0625849694,51.0497557546;-114.0625082415,51.0497540877;-114.0625096268,51.0497272076;-114.0622623146,51.049722575;-114.0622577246,51.0498094182;-114.0625817704,51.0498160773
